

Software Version	2.01.14



Experiment File Path:	C:\Users\lennonlab\Documents\Xia Meng\GrowthCurve_130405_153615.xpt
Protocol File Path:	C:\Users\lennonlab\Documents\Xia Meng\GrowthCurve.prt



Plate Number	Plate 1
Date	4/5/2013
Time	5:01:16 PM
Reader Type:	Synergy Mx
Reader Serial Number:	219512
Reading Type	Reader

Procedure Details

Plate Type	CellStar 48 (Use plate lid)
Set Temperature	Setpoint 25°C
Start Kinetic	Runtime 72:00:00 (HH:MM:SS), Interval 0:15:00, 289 Reads
    Shake	Slow, Continuous
    Read	Absorbance Endpoint
	Full Plate
	Wavelengths:  600
	Read Speed: Normal,  Delay: 100 msec,  Measurements/Data Point: 8
End Kinetic	

600

Time	T° 600	A1	A2	A3	A4	A5	A6	A7	A8	B1	B2	B3	B4	B5	B6	B7	B8	C1	C2	C3	C4	C5	C6	C7	C8	D1	D2	D3	D4	D5	D6	D7	D8	E1	E2	E3	E4	E5	E6	E7	E8	F1	F2	F3	F4	F5	F6	F7	F8
0:14:43	25.6	0.094	0.089	0.093	0.117	0.091	0.105	0.090	0.078	0.088	0.110	0.116	0.122	0.091	0.107	0.094	0.126	0.105	0.116	0.089	0.124	0.090	0.106	0.092	0.094	0.120	0.079	0.090	0.094	0.090	0.107	0.090	0.116	0.088	0.124	0.114	0.079	0.093	0.093	0.105	0.089	0.093	0.109	0.120	0.090	0.091	0.106	0.090	0.117
0:29:43	25.5	0.095	0.091	0.091	0.122	0.092	0.107	0.090	0.078	0.090	0.113	0.115	0.128	0.095	0.110	0.095	0.133	0.107	0.121	0.091	0.128	0.092	0.109	0.094	0.096	0.156	0.079	0.091	0.095	0.091	0.109	0.092	0.113	0.090	0.127	0.109	0.079	0.095	0.096	0.108	0.091	0.094	0.112	0.123	0.091	0.092	0.108	0.091	0.118
0:44:43	25.5	0.096	0.092	0.092	0.126	0.094	0.109	0.092	0.078	0.093	0.117	0.110	0.127	0.096	0.110	0.097	0.125	0.110	0.125	0.092	0.129	0.094	0.113	0.096	0.099	0.122	0.079	0.092	0.096	0.093	0.112	0.094	0.109	0.091	0.129	0.108	0.079	0.096	0.096	0.120	0.092	0.096	0.115	0.127	0.092	0.093	0.111	0.092	0.119
0:59:43	25.5	0.099	0.094	0.093	0.129	0.096	0.113	0.092	0.078	0.095	0.120	0.114	0.131	0.098	0.119	0.100	0.125	0.112	0.128	0.094	0.135	0.096	0.116	0.099	0.100	0.124	0.079	0.092	0.099	0.098	0.113	0.096	0.108	0.094	0.135	0.113	0.079	0.100	0.101	0.114	0.095	0.098	0.119	0.132	0.094	0.094	0.113	0.093	0.120
1:14:43	25.5	0.100	0.098	0.094	0.134	0.099	0.116	0.094	0.078	0.098	0.123	0.116	0.137	0.101	0.115	0.103	0.128	0.115	0.134	0.094	0.139	0.099	0.119	0.101	0.104	0.123	0.080	0.094	0.101	0.099	0.121	0.098	0.119	0.093	0.142	0.109	0.079	0.101	0.102	0.118	0.096	0.100	0.123	0.138	0.097	0.097	0.117	0.094	0.118
1:29:43	25.5	0.103	0.101	0.095	0.151	0.102	0.120	0.094	0.078	0.101	0.127	0.116	0.140	0.103	0.117	0.106	0.122	0.119	0.147	0.095	0.144	0.102	0.123	0.104	0.109	0.121	0.080	0.095	0.103	0.102	0.120	0.101	0.120	0.094	0.144	0.117	0.079	0.103	0.107	0.117	0.099	0.103	0.126	0.148	0.098	0.099	0.121	0.094	0.119
1:44:43	25.5	0.105	0.104	0.096	0.158	0.106	0.124	0.095	0.078	0.105	0.133	0.134	0.141	0.111	0.122	0.110	0.118	0.124	0.155	0.113	0.145	0.107	0.127	0.108	0.115	0.116	0.079	0.096	0.106	0.106	0.121	0.104	0.135	0.095	0.147	0.126	0.079	0.105	0.112	0.120	0.102	0.105	0.131	0.155	0.101	0.103	0.125	0.095	0.112
1:59:43	25.5	0.107	0.108	0.099	0.164	0.110	0.130	0.098	0.078	0.110	0.136	0.141	0.141	0.119	0.122	0.115	0.112	0.129	0.161	0.098	0.146	0.111	0.131	0.113	0.124	0.108	0.080	0.097	0.107	0.113	0.124	0.109	0.144	0.096	0.145	0.137	0.079	0.107	0.120	0.122	0.106	0.108	0.135	0.161	0.104	0.106	0.130	0.096	0.105
2:14:43	25.5	0.110	0.113	0.099	0.169	0.119	0.134	0.097	0.078	0.113	0.140	0.147	0.140	0.128	0.126	0.119	0.104	0.134	0.168	0.099	0.145	0.118	0.135	0.117	0.134	0.101	0.080	0.098	0.110	0.117	0.127	0.114	0.145	0.098	0.147	0.139	0.079	0.110	0.130	0.125	0.110	0.114	0.139	0.166	0.108	0.111	0.134	0.098	0.098
2:29:43	25.5	0.112	0.120	0.101	0.175	0.125	0.141	0.098	0.078	0.121	0.147	0.145	0.140	0.137	0.128	0.124	0.099	0.139	0.172	0.101	0.145	0.126	0.141	0.123	0.142	0.097	0.079	0.100	0.114	0.125	0.130	0.121	0.146	0.099	0.146	0.143	0.079	0.114	0.138	0.129	0.115	0.117	0.141	0.173	0.114	0.118	0.142	0.098	0.095
2:44:43	25.4	0.116	0.126	0.103	0.176	0.132	0.148	0.099	0.078	0.127	0.152	0.146	0.139	0.148	0.129	0.128	0.096	0.145	0.173	0.102	0.145	0.134	0.145	0.128	0.154	0.127	0.079	0.100	0.117	0.130	0.132	0.128	0.150	0.100	0.142	0.138	0.079	0.117	0.148	0.131	0.122	0.124	0.147	0.173	0.121	0.125	0.145	0.099	0.092
2:59:43	25.5	0.119	0.131	0.104	0.187	0.138	0.156	0.102	0.078	0.132	0.157	0.146	0.139	0.157	0.133	0.134	0.097	0.152	0.179	0.105	0.143	0.139	0.150	0.133	0.164	0.163	0.079	0.103	0.121	0.135	0.134	0.133	0.153	0.102	0.168	0.137	0.079	0.121	0.157	0.134	0.128	0.125	0.151	0.178	0.127	0.132	0.155	0.100	0.211
3:14:43	25.4	0.123	0.136	0.107	0.190	0.144	0.163	0.106	0.078	0.136	0.161	0.144	0.142	0.170	0.134	0.138	0.095	0.160	0.185	0.108	0.145	0.148	0.156	0.137	0.176	0.128	0.079	0.103	0.125	0.141	0.136	0.136	0.145	0.104	0.153	0.136	0.079	0.124	0.170	0.136	0.132	0.130	0.159	0.186	0.130	0.141	0.160	0.103	0.189
3:29:43	25.4	0.127	0.142	0.109	0.198	0.149	0.172	0.104	0.078	0.144	0.163	0.147	0.136	0.180	0.137	0.142	0.097	0.168	0.194	0.111	0.142	0.152	0.158	0.142	0.187	0.120	0.080	0.106	0.128	0.155	0.139	0.143	0.146	0.107	0.140	0.136	0.079	0.128	0.180	0.137	0.137	0.132	0.162	0.193	0.138	0.143	0.170	0.102	0.097
3:44:43	25.4	0.132	0.148	0.112	0.206	0.155	0.184	0.107	0.078	0.147	0.166	0.146	0.136	0.191	0.137	0.148	0.100	0.178	0.202	0.115	0.139	0.162	0.161	0.152	0.196	0.118	0.080	0.107	0.132	0.154	0.141	0.147	0.147	0.109	0.142	0.138	0.079	0.130	0.191	0.141	0.143	0.142	0.160	0.202	0.144	0.147	0.178	0.104	0.097
3:59:43	25.4	0.134	0.152	0.116	0.218	0.181	0.196	0.109	0.078	0.155	0.170	0.154	0.134	0.204	0.139	0.151	0.099	0.188	0.220	0.119	0.139	0.168	0.166	0.156	0.212	0.117	0.080	0.108	0.141	0.158	0.142	0.153	0.151	0.113	0.137	0.141	0.079	0.141	0.201	0.140	0.150	0.142	0.164	0.214	0.146	0.157	0.191	0.106	0.100
4:14:43	25.3	0.139	0.161	0.122	0.226	0.175	0.205	0.111	0.078	0.164	0.174	0.160	0.138	0.210	0.139	0.153	0.099	0.202	0.220	0.122	0.139	0.179	0.168	0.153	0.223	0.104	0.080	0.111	0.143	0.172	0.143	0.164	0.157	0.116	0.155	0.150	0.079	0.145	0.214	0.142	0.157	0.148	0.165	0.218	0.152	0.167	0.202	0.107	0.098
4:29:43	25.3	0.147	0.167	0.126	0.233	0.192	0.218	0.113	0.078	0.170	0.176	0.163	0.134	0.217	0.141	0.157	0.107	0.215	0.229	0.127	0.138	0.196	0.172	0.160	0.229	0.113	0.079	0.112	0.148	0.177	0.145	0.169	0.174	0.120	0.142	0.155	0.079	0.147	0.221	0.143	0.163	0.148	0.169	0.227	0.160	0.183	0.213	0.109	0.105
4:44:43	25.3	0.152	0.188	0.130	0.244	0.205	0.234	0.112	0.078	0.188	0.179	0.184	0.133	0.221	0.143	0.177	0.110	0.228	0.238	0.132	0.138	0.209	0.174	0.162	0.230	0.159	0.080	0.113	0.156	0.196	0.146	0.186	0.162	0.124	0.142	0.160	0.079	0.154	0.227	0.145	0.173	0.152	0.172	0.237	0.171	0.199	0.231	0.111	0.113
4:59:43	25.3	0.156	0.201	0.136	0.250	0.215	0.245	0.114	0.078	0.202	0.183	0.191	0.133	0.221	0.144	0.201	0.116	0.242	0.251	0.137	0.140	0.218	0.176	0.199	0.232	0.145	0.079	0.118	0.160	0.209	0.147	0.204	0.179	0.129	0.175	0.166	0.079	0.161	0.231	0.146	0.193	0.155	0.172	0.253	0.188	0.206	0.241	0.111	0.133
5:14:43	25.3	0.163	0.211	0.138	0.255	0.217	0.255	0.115	0.078	0.212	0.186	0.202	0.142	0.224	0.145	0.211	0.130	0.249	0.256	0.141	0.138	0.221	0.177	0.213	0.232	0.156	0.080	0.118	0.168	0.218	0.149	0.209	0.187	0.132	0.134	0.180	0.079	0.168	0.231	0.146	0.206	0.181	0.177	0.257	0.200	0.210	0.250	0.112	0.136
5:29:43	25.3	0.169	0.212	0.141	0.256	0.220	0.263	0.117	0.078	0.215	0.187	0.201	0.130	0.227	0.145	0.213	0.145	0.258	0.260	0.145	0.136	0.221	0.181	0.223	0.232	0.166	0.080	0.121	0.177	0.219	0.150	0.213	0.192	0.136	0.139	0.224	0.079	0.174	0.228	0.147	0.209	0.199	0.176	0.255	0.206	0.213	0.259	0.115	0.152
5:44:43	25.3	0.179	0.213	0.144	0.266	0.219	0.271	0.118	0.078	0.216	0.188	0.204	0.135	0.224	0.147	0.216	0.170	0.267	0.262	0.149	0.135	0.224	0.182	0.223	0.230	0.184	0.079	0.124	0.185	0.224	0.150	0.215	0.217	0.139	0.155	0.203	0.079	0.181	0.232	0.148	0.214	0.206	0.181	0.258	0.208	0.210	0.271	0.117	0.152
5:59:43	25.3	0.183	0.217	0.151	0.268	0.219	0.279	0.122	0.078	0.215	0.188	0.211	0.151	0.223	0.147	0.216	0.170	0.273	0.266	0.153	0.151	0.225	0.182	0.224	0.230	0.193	0.080	0.126	0.194	0.223	0.151	0.211	0.200	0.143	0.146	0.197	0.079	0.192	0.231	0.149	0.214	0.210	0.179	0.260	0.209	0.214	0.275	0.118	0.178
6:14:43	25.3	0.190	0.216	0.154	0.268	0.219	0.288	0.126	0.078	0.218	0.190	0.215	0.127	0.223	0.148	0.216	0.192	0.285	0.266	0.159	0.134	0.222	0.185	0.224	0.230	0.207	0.079	0.131	0.203	0.226	0.153	0.219	0.203	0.146	0.130	0.196	0.079	0.196	0.231	0.150	0.216	0.212	0.179	0.264	0.212	0.212	0.284	0.121	0.179
6:29:43	25.3	0.200	0.217	0.159	0.264	0.218	0.295	0.125	0.078	0.216	0.190	0.221	0.125	0.221	0.147	0.213	0.194	0.292	0.270	0.163	0.155	0.223	0.185	0.222	0.228	0.219	0.080	0.133	0.211	0.240	0.153	0.218	0.207	0.152	0.133	0.203	0.079	0.202	0.228	0.151	0.218	0.212	0.181	0.264	0.211	0.222	0.300	0.123	0.192
6:44:43	25.3	0.210	0.213	0.164	0.265	0.220	0.306	0.129	0.078	0.216	0.190	0.224	0.123	0.220	0.148	0.212	0.205	0.302	0.268	0.167	0.125	0.223	0.185	0.222	0.226	0.231	0.079	0.136	0.216	0.224	0.153	0.217	0.208	0.156	0.125	0.209	0.079	0.210	0.226	0.152	0.216	0.211	0.181	0.260	0.210	0.213	0.306	0.126	0.236
6:59:43	25.3	0.217	0.216	0.166	0.266	0.218	0.310	0.131	0.078	0.217	0.190	0.227	0.119	0.218	0.150	0.216	0.215	0.305	0.267	0.170	0.122	0.223	0.185	0.221	0.225	0.245	0.079	0.138	0.224	0.227	0.154	0.218	0.213	0.159	0.144	0.211	0.079	0.218	0.226	0.152	0.215	0.211	0.182	0.258	0.210	0.211	0.306	0.129	0.213
7:14:43	25.3	0.224	0.211	0.172	0.263	0.217	0.312	0.134	0.078	0.216	0.191	0.225	0.115	0.216	0.150	0.212	0.224	0.312	0.266	0.176	0.123	0.219	0.185	0.220	0.223	0.255	0.079	0.138	0.226	0.226	0.154	0.216	0.214	0.163	0.117	0.213	0.079	0.223	0.223	0.152	0.214	0.210	0.182	0.257	0.210	0.210	0.309	0.132	0.225
7:29:43	25.3	0.227	0.216	0.175	0.263	0.217	0.323	0.135	0.079	0.215	0.191	0.231	0.113	0.216	0.150	0.211	0.237	0.312	0.263	0.179	0.121	0.223	0.186	0.220	0.222	0.256	0.079	0.146	0.229	0.220	0.155	0.218	0.217	0.167	0.117	0.214	0.079	0.227	0.221	0.153	0.214	0.209	0.181	0.255	0.209	0.209	0.312	0.134	0.232
7:44:43	25.3	0.231	0.216	0.177	0.259	0.215	0.322	0.140	0.078	0.214	0.192	0.233	0.112	0.216	0.152	0.213	0.241	0.318	0.261	0.181	0.127	0.220	0.186	0.218	0.220	0.254	0.079	0.144	0.232	0.222	0.156	0.219	0.220	0.167	0.119	0.217	0.079	0.231	0.221	0.153	0.213	0.208	0.181	0.255	0.208	0.209	0.314	0.138	0.234
7:59:43	25.3	0.235	0.212	0.178	0.259	0.215	0.329	0.142	0.078	0.214	0.192	0.243	0.112	0.214	0.153	0.207	0.250	0.321	0.257	0.183	0.121	0.221	0.187	0.217	0.218	0.254	0.079	0.149	0.236	0.219	0.155	0.219	0.224	0.170	0.117	0.220	0.079	0.231	0.219	0.153	0.213	0.207	0.181	0.252	0.207	0.208	0.322	0.141	0.230
8:14:43	25.3	0.241	0.214	0.178	0.256	0.216	0.328	0.144	0.078	0.213	0.192	0.253	0.112	0.212	0.153	0.212	0.243	0.323	0.257	0.185	0.122	0.220	0.188	0.217	0.218	0.251	0.079	0.149	0.237	0.222	0.156	0.214	0.228	0.172	0.117	0.234	0.079	0.233	0.219	0.155	0.212	0.206	0.180	0.250	0.208	0.207	0.321	0.141	0.233
8:29:43	25.3	0.240	0.212	0.181	0.253	0.213	0.336	0.148	0.078	0.212	0.192	0.254	0.114	0.212	0.153	0.208	0.245	0.328	0.255	0.186	0.129	0.219	0.187	0.216	0.218	0.251	0.080	0.151	0.241	0.218	0.156	0.220	0.238	0.173	0.162	0.233	0.079	0.237	0.217	0.154	0.211	0.204	0.180	0.248	0.206	0.206	0.323	0.144	0.227
8:44:43	25.3	0.245	0.212	0.181	0.251	0.214	0.342	0.149	0.078	0.212	0.193	0.261	0.119	0.210	0.154	0.207	0.244	0.330	0.252	0.187	0.139	0.219	0.187	0.215	0.216	0.251	0.079	0.154	0.244	0.220	0.156	0.215	0.242	0.174	0.135	0.236	0.079	0.239	0.217	0.154	0.210	0.205	0.179	0.248	0.205	0.205	0.327	0.147	0.229
8:59:43	25.3	0.245	0.212	0.183	0.252	0.211	0.339	0.154	0.078	0.212	0.192	0.275	0.128	0.208	0.154	0.207	0.243	0.333	0.255	0.192	0.151	0.217	0.188	0.214	0.216	0.244	0.079	0.155	0.247	0.218	0.157	0.215	0.247	0.176	0.174	0.236	0.079	0.241	0.214	0.155	0.210	0.203	0.180	0.248	0.204	0.203	0.331	0.150	0.224
9:14:43	25.3	0.250	0.210	0.182	0.249	0.213	0.343	0.154	0.078	0.211	0.193	0.275	0.142	0.209	0.154	0.207	0.240	0.337	0.253	0.188	0.203	0.217	0.188	0.213	0.214	0.242	0.079	0.161	0.250	0.220	0.158	0.212	0.251	0.175	0.160	0.247	0.079	0.244	0.215	0.154	0.209	0.201	0.178	0.244	0.204	0.203	0.333	0.152	0.221
9:29:43	25.3	0.251	0.207	0.181	0.246	0.211	0.342	0.160	0.078	0.210	0.193	0.273	0.157	0.208	0.155	0.207	0.239	0.339	0.254	0.187	0.188	0.217	0.188	0.214	0.214	0.240	0.079	0.163	0.252	0.219	0.158	0.216	0.253	0.174	0.183	0.249	0.079	0.248	0.214	0.155	0.207	0.202	0.178	0.243	0.203	0.202	0.333	0.157	0.219
9:44:43	25.3	0.255	0.209	0.180	0.246	0.212	0.345	0.160	0.078	0.209	0.192	0.278	0.178	0.207	0.154	0.207	0.242	0.340	0.247	0.187	0.200	0.215	0.189	0.213	0.213	0.236	0.080	0.167	0.255	0.217	0.158	0.210	0.253	0.175	0.201	0.249	0.079	0.251	0.213	0.156	0.208	0.202	0.179	0.241	0.201	0.201	0.335	0.160	0.219
9:59:43	25.3	0.258	0.204	0.178	0.244	0.210	0.353	0.161	0.078	0.209	0.193	0.271	0.188	0.206	0.155	0.206	0.236	0.342	0.247	0.186	0.213	0.215	0.189	0.212	0.213	0.235	0.079	0.171	0.258	0.218	0.158	0.213	0.253	0.178	0.217	0.251	0.079	0.253	0.214	0.155	0.207	0.201	0.178	0.240	0.201	0.200	0.334	0.159	0.213
10:14:43	25.3	0.262	0.206	0.177	0.245	0.210	0.346	0.163	0.078	0.208	0.194	0.269	0.201	0.204	0.155	0.205	0.236	0.343	0.245	0.184	0.221	0.216	0.188	0.212	0.211	0.232	0.079	0.169	0.262	0.217	0.158	0.214	0.251	0.175	0.216	0.247	0.079	0.256	0.213	0.156	0.207	0.201	0.178	0.237	0.200	0.200	0.337	0.162	0.214
10:29:43	25.3	0.264	0.208	0.178	0.238	0.209	0.348	0.165	0.078	0.208	0.194	0.270	0.208	0.205	0.156	0.205	0.231	0.342	0.246	0.184	0.268	0.214	0.189	0.211	0.212	0.226	0.079	0.170	0.264	0.216	0.158	0.210	0.253	0.173	0.263	0.247	0.079	0.259	0.208	0.156	0.206	0.200	0.178	0.237	0.199	0.198	0.337	0.166	0.211
10:44:43	25.3	0.266	0.207	0.175	0.238	0.209	0.350	0.170	0.078	0.207	0.193	0.271	0.253	0.204	0.156	0.205	0.230	0.345	0.241	0.182	0.272	0.214	0.188	0.211	0.212	0.230	0.079	0.173	0.267	0.216	0.159	0.208	0.249	0.184	0.273	0.245	0.079	0.259	0.208	0.156	0.204	0.198	0.177	0.235	0.198	0.197	0.337	0.165	0.210
10:59:43	25.3	0.269	0.201	0.175	0.239	0.208	0.351	0.169	0.078	0.207	0.195	0.265	0.267	0.204	0.156	0.201	0.229	0.346	0.239	0.181	0.278	0.213	0.188	0.210	0.210	0.226	0.079	0.175	0.269	0.214	0.159	0.208	0.251	0.170	0.278	0.244	0.079	0.262	0.211	0.156	0.205	0.197	0.178	0.232	0.197	0.197	0.339	0.167	0.205
11:14:43	25.3	0.271	0.205	0.176	0.233	0.209	0.354	0.170	0.078	0.206	0.194	0.267	0.271	0.203	0.156	0.202	0.227	0.347	0.238	0.181	0.280	0.212	0.189	0.210	0.210	0.225	0.079	0.177	0.272	0.213	0.159	0.207	0.247	0.167	0.281	0.241	0.079	0.265	0.209	0.156	0.203	0.197	0.176	0.230	0.197	0.195	0.341	0.170	0.207
11:29:43	25.3	0.275	0.205	0.183	0.234	0.206	0.354	0.171	0.078	0.205	0.194	0.263	0.275	0.202	0.156	0.201	0.226	0.348	0.237	0.181	0.280	0.214	0.189	0.209	0.209	0.225	0.079	0.176	0.270	0.215	0.159	0.208	0.245	0.169	0.277	0.241	0.079	0.268	0.208	0.156	0.201	0.197	0.177	0.228	0.197	0.195	0.340	0.170	0.204
11:44:43	25.3	0.277	0.205	0.179	0.232	0.207	0.356	0.173	0.078	0.204	0.193	0.259	0.273	0.202	0.157	0.203	0.225	0.348	0.239	0.181	0.278	0.212	0.190	0.209	0.209	0.225	0.079	0.177	0.277	0.211	0.159	0.206	0.246	0.170	0.277	0.237	0.079	0.270	0.209	0.157	0.203	0.195	0.176	0.226	0.196	0.195	0.342	0.171	0.200
11:59:43	25.3	0.280	0.202	0.175	0.227	0.206	0.354	0.173	0.078	0.206	0.194	0.256	0.269	0.202	0.157	0.203	0.225	0.349	0.231	0.180	0.278	0.213	0.189	0.208	0.209	0.221	0.080	0.180	0.279	0.214	0.160	0.207	0.241	0.167	0.272	0.237	0.079	0.272	0.207	0.157	0.200	0.196	0.176	0.224	0.195	0.195	0.341	0.172	0.203
12:14:43	25.3	0.283	0.204	0.174	0.226	0.205	0.356	0.174	0.078	0.205	0.194	0.251	0.270	0.202	0.158	0.203	0.223	0.349	0.233	0.179	0.275	0.212	0.190	0.208	0.208	0.220	0.080	0.179	0.282	0.214	0.161	0.207	0.239	0.166	0.271	0.233	0.079	0.274	0.208	0.157	0.202	0.195	0.176	0.222	0.194	0.193	0.342	0.172	0.202
12:29:43	25.3	0.283	0.200	0.172	0.227	0.205	0.357	0.177	0.078	0.204	0.194	0.251	0.264	0.203	0.158	0.201	0.222	0.352	0.228	0.177	0.274	0.211	0.189	0.207	0.208	0.220	0.079	0.182	0.285	0.213	0.161	0.206	0.238	0.165	0.271	0.233	0.079	0.275	0.206	0.158	0.202	0.194	0.176	0.221	0.194	0.193	0.344	0.173	0.202
12:44:43	25.3	0.286	0.203	0.172	0.226	0.205	0.358	0.177	0.078	0.203	0.194	0.246	0.265	0.200	0.158	0.202	0.220	0.351	0.231	0.179	0.272	0.211	0.189	0.207	0.207	0.220	0.080	0.182	0.287	0.212	0.161	0.204	0.238	0.164	0.269	0.230	0.079	0.279	0.207	0.157	0.201	0.194	0.177	0.219	0.193	0.192	0.342	0.176	0.199
12:59:43	25.3	0.287	0.200	0.171	0.221	0.206	0.356	0.180	0.078	0.203	0.194	0.244	0.261	0.201	0.159	0.201	0.221	0.353	0.227	0.180	0.269	0.211	0.190	0.207	0.207	0.218	0.079	0.185	0.289	0.213	0.162	0.205	0.235	0.164	0.264	0.228	0.079	0.282	0.207	0.158	0.201	0.192	0.177	0.218	0.192	0.192	0.343	0.177	0.196
13:14:43	25.3	0.289	0.203	0.172	0.224	0.203	0.357	0.178	0.078	0.203	0.194	0.241	0.257	0.200	0.159	0.200	0.220	0.354	0.226	0.177	0.265	0.209	0.190	0.205	0.206	0.215	0.079	0.184	0.291	0.211	0.162	0.207	0.233	0.163	0.264	0.229	0.079	0.283	0.207	0.158	0.200	0.191	0.177	0.216	0.191	0.191	0.342	0.177	0.193
13:29:43	25.3	0.288	0.202	0.174	0.218	0.204	0.354	0.178	0.078	0.203	0.194	0.241	0.256	0.201	0.158	0.198	0.220	0.354	0.223	0.177	0.259	0.211	0.190	0.206	0.207	0.216	0.079	0.186	0.293	0.211	0.162	0.204	0.231	0.166	0.260	0.226	0.079	0.286	0.206	0.158	0.198	0.190	0.175	0.213	0.191	0.191	0.341	0.176	0.197
13:44:43	25.3	0.293	0.202	0.170	0.217	0.206	0.355	0.179	0.078	0.202	0.195	0.239	0.252	0.200	0.160	0.199	0.218	0.352	0.222	0.175	0.262	0.212	0.190	0.205	0.206	0.216	0.079	0.188	0.295	0.210	0.163	0.203	0.228	0.171	0.255	0.225	0.079	0.288	0.206	0.160	0.199	0.191	0.176	0.213	0.190	0.190	0.344	0.177	0.196
13:59:43	25.3	0.293	0.198	0.170	0.219	0.202	0.359	0.180	0.078	0.202	0.195	0.236	0.245	0.200	0.160	0.198	0.218	0.353	0.223	0.176	0.264	0.210	0.190	0.205	0.205	0.214	0.080	0.185	0.298	0.209	0.163	0.205	0.228	0.162	0.255	0.223	0.079	0.288	0.206	0.160	0.197	0.191	0.175	0.211	0.190	0.190	0.338	0.178	0.190
14:14:43	25.3	0.296	0.201	0.169	0.214	0.204	0.362	0.181	0.078	0.202	0.195	0.234	0.242	0.200	0.160	0.199	0.220	0.352	0.222	0.175	0.263	0.211	0.191	0.204	0.205	0.213	0.079	0.187	0.300	0.210	0.163	0.204	0.227	0.161	0.250	0.220	0.079	0.290	0.205	0.159	0.197	0.189	0.176	0.210	0.189	0.189	0.343	0.178	0.195
14:29:43	25.3	0.295	0.200	0.167	0.214	0.203	0.356	0.180	0.078	0.201	0.195	0.233	0.244	0.200	0.161	0.199	0.217	0.354	0.222	0.174	0.258	0.211	0.190	0.204	0.205	0.214	0.080	0.188	0.302	0.210	0.164	0.204	0.227	0.163	0.248	0.221	0.079	0.293	0.205	0.160	0.197	0.188	0.175	0.207	0.190	0.188	0.340	0.178	0.192
14:44:43	25.3	0.297	0.201	0.166	0.214	0.203	0.356	0.182	0.078	0.202	0.195	0.232	0.243	0.199	0.161	0.199	0.216	0.355	0.219	0.176	0.254	0.210	0.190	0.204	0.205	0.211	0.079	0.189	0.303	0.206	0.164	0.203	0.225	0.162	0.243	0.218	0.079	0.295	0.206	0.160	0.197	0.188	0.175	0.206	0.189	0.190	0.341	0.178	0.191
14:59:43	25.3	0.298	0.200	0.167	0.209	0.201	0.355	0.182	0.078	0.200	0.195	0.230	0.238	0.198	0.162	0.195	0.214	0.355	0.214	0.174	0.256	0.211	0.191	0.203	0.204	0.213	0.079	0.189	0.305	0.210	0.165	0.204	0.224	0.160	0.245	0.217	0.079	0.296	0.206	0.161	0.197	0.187	0.175	0.204	0.188	0.187	0.341	0.179	0.191
15:14:43	25.3	0.302	0.198	0.167	0.210	0.201	0.361	0.183	0.078	0.200	0.194	0.231	0.236	0.198	0.162	0.200	0.214	0.357	0.213	0.174	0.252	0.212	0.191	0.203	0.205	0.210	0.079	0.189	0.306	0.209	0.165	0.205	0.223	0.159	0.242	0.215	0.079	0.298	0.204	0.161	0.196	0.186	0.175	0.203	0.188	0.188	0.341	0.181	0.187
15:29:43	25.3	0.301	0.199	0.166	0.210	0.202	0.363	0.187	0.078	0.200	0.196	0.230	0.234	0.200	0.162	0.196	0.214	0.356	0.213	0.174	0.255	0.212	0.191	0.202	0.205	0.210	0.079	0.187	0.308	0.208	0.165	0.205	0.219	0.161	0.235	0.215	0.079	0.299	0.206	0.162	0.195	0.187	0.175	0.203	0.186	0.187	0.342	0.181	0.190
15:44:43	25.3	0.300	0.199	0.165	0.208	0.200	0.356	0.183	0.078	0.199	0.195	0.231	0.233	0.197	0.162	0.197	0.214	0.356	0.212	0.172	0.246	0.214	0.191	0.201	0.204	0.211	0.079	0.190	0.309	0.207	0.166	0.201	0.223	0.160	0.234	0.214	0.079	0.302	0.205	0.161	0.194	0.185	0.229	0.199	0.187	0.186	0.340	0.180	0.188
15:59:43	25.3	0.302	0.195	0.165	0.205	0.201	0.358	0.185	0.078	0.198	0.196	0.230	0.229	0.198	0.163	0.195	0.214	0.354	0.211	0.173	0.248	0.214	0.191	0.203	0.204	0.210	0.079	0.192	0.311	0.208	0.166	0.203	0.220	0.159	0.233	0.214	0.079	0.300	0.203	0.161	0.195	0.184	0.174	0.199	0.186	0.186	0.341	0.180	0.188
16:14:43	25.3	0.301	0.197	0.165	0.204	0.200	0.359	0.186	0.078	0.197	0.196	0.232	0.227	0.198	0.162	0.196	0.213	0.359	0.208	0.173	0.249	0.213	0.191	0.202	0.203	0.207	0.079	0.193	0.311	0.207	0.165	0.199	0.220	0.158	0.233	0.214	0.079	0.303	0.204	0.162	0.194	0.184	0.174	0.198	0.185	0.186	0.341	0.180	0.186
16:29:43	25.3	0.300	0.194	0.165	0.201	0.200	0.357	0.184	0.078	0.197	0.195	0.226	0.226	0.199	0.162	0.197	0.212	0.356	0.207	0.171	0.246	0.212	0.191	0.202	0.203	0.208	0.080	0.191	0.312	0.206	0.165	0.203	0.219	0.159	0.232	0.212	0.079	0.304	0.204	0.162	0.193	0.183	0.174	0.197	0.184	0.185	0.339	0.181	0.186
16:44:43	25.3	0.302	0.198	0.164	0.200	0.197	0.357	0.184	0.078	0.197	0.195	0.226	0.224	0.198	0.163	0.196	0.212	0.355	0.207	0.171	0.243	0.211	0.191	0.201	0.203	0.206	0.080	0.192	0.314	0.207	0.165	0.199	0.218	0.157	0.228	0.211	0.079	0.304	0.204	0.165	0.193	0.183	0.174	0.195	0.184	0.183	0.336	0.182	0.185
16:59:43	25.3	0.305	0.196	0.163	0.202	0.196	0.358	0.188	0.078	0.196	0.194	0.226	0.222	0.198	0.162	0.197	0.211	0.357	0.207	0.171	0.238	0.209	0.191	0.200	0.203	0.207	0.079	0.192	0.313	0.206	0.165	0.197	0.217	0.159	0.227	0.212	0.079	0.305	0.202	0.162	0.192	0.184	0.174	0.194	0.184	0.183	0.338	0.181	0.184
17:14:43	25.3	0.303	0.197	0.164	0.199	0.199	0.358	0.187	0.078	0.194	0.196	0.226	0.221	0.197	0.162	0.193	0.211	0.357	0.205	0.170	0.237	0.209	0.191	0.200	0.203	0.205	0.079	0.191	0.313	0.204	0.165	0.196	0.218	0.159	0.224	0.213	0.079	0.305	0.202	0.163	0.190	0.182	0.174	0.192	0.183	0.182	0.338	0.181	0.185
17:29:43	25.4	0.304	0.199	0.164	0.198	0.198	0.358	0.186	0.078	0.194	0.195	0.224	0.219	0.198	0.161	0.195	0.210	0.358	0.205	0.170	0.235	0.208	0.191	0.200	0.202	0.206	0.080	0.192	0.313	0.204	0.165	0.198	0.216	0.159	0.222	0.209	0.079	0.304	0.203	0.164	0.193	0.181	0.173	0.191	0.182	0.183	0.338	0.183	0.179
17:44:43	25.4	0.303	0.196	0.162	0.200	0.197	0.361	0.186	0.078	0.193	0.195	0.228	0.216	0.196	0.162	0.196	0.210	0.357	0.202	0.170	0.234	0.207	0.191	0.199	0.202	0.205	0.080	0.192	0.313	0.203	0.164	0.199	0.219	0.154	0.222	0.210	0.079	0.304	0.201	0.163	0.190	0.181	0.173	0.190	0.181	0.182	0.334	0.181	0.181
17:59:43	25.4	0.301	0.200	0.162	0.198	0.195	0.358	0.187	0.078	0.193	0.196	0.223	0.216	0.198	0.161	0.193	0.209	0.357	0.203	0.170	0.230	0.206	0.192	0.199	0.202	0.204	0.079	0.192	0.312	0.203	0.164	0.196	0.216	0.156	0.220	0.210	0.079	0.305	0.203	0.163	0.188	0.183	0.174	0.189	0.181	0.180	0.337	0.182	0.180
18:14:43	25.4	0.302	0.193	0.162	0.197	0.197	0.357	0.186	0.078	0.192	0.195	0.224	0.215	0.196	0.162	0.196	0.209	0.357	0.200	0.168	0.230	0.203	0.192	0.199	0.202	0.203	0.080	0.194	0.311	0.203	0.165	0.197	0.215	0.157	0.221	0.208	0.079	0.304	0.202	0.163	0.187	0.180	0.173	0.188	0.180	0.181	0.337	0.182	0.179
18:29:43	25.4	0.300	0.192	0.162	0.197	0.195	0.360	0.186	0.078	0.192	0.195	0.225	0.214	0.197	0.162	0.196	0.208	0.357	0.204	0.168	0.227	0.204	0.192	0.198	0.201	0.201	0.080	0.193	0.312	0.201	0.164	0.195	0.213	0.156	0.220	0.208	0.079	0.304	0.202	0.163	0.187	0.180	0.174	0.187	0.178	0.180	0.333	0.182	0.178
18:44:43	25.4	0.299	0.190	0.162	0.194	0.196	0.358	0.186	0.078	0.192	0.195	0.223	0.213	0.197	0.161	0.193	0.208	0.356	0.199	0.167	0.221	0.202	0.192	0.199	0.202	0.201	0.079	0.192	0.313	0.204	0.164	0.194	0.214	0.156	0.219	0.207	0.079	0.303	0.203	0.162	0.187	0.179	0.172	0.186	0.178	0.180	0.338	0.182	0.179
18:59:43	25.4	0.297	0.191	0.163	0.194	0.194	0.358	0.187	0.078	0.190	0.195	0.223	0.213	0.197	0.161	0.193	0.207	0.361	0.198	0.168	0.220	0.200	0.192	0.198	0.201	0.203	0.079	0.193	0.311	0.201	0.164	0.195	0.215	0.152	0.217	0.207	0.079	0.304	0.203	0.162	0.186	0.179	0.172	0.186	0.178	0.178	0.333	0.181	0.177
19:14:43	25.4	0.299	0.192	0.162	0.194	0.196	0.358	0.187	0.078	0.189	0.195	0.221	0.210	0.196	0.160	0.194	0.207	0.357	0.197	0.168	0.220	0.199	0.192	0.198	0.200	0.201	0.079	0.192	0.310	0.198	0.163	0.193	0.213	0.156	0.217	0.207	0.079	0.303	0.202	0.162	0.187	0.178	0.172	0.184	0.178	0.178	0.335	0.181	0.175
19:29:43	25.4	0.300	0.191	0.161	0.192	0.194	0.358	0.187	0.078	0.189	0.195	0.221	0.209	0.196	0.160	0.191	0.206	0.358	0.197	0.169	0.218	0.200	0.192	0.198	0.201	0.201	0.080	0.193	0.310	0.200	0.162	0.195	0.211	0.155	0.216	0.206	0.079	0.303	0.202	0.161	0.185	0.178	0.172	0.182	0.177	0.178	0.335	0.181	0.176
19:44:43	25.4	0.297	0.186	0.162	0.192	0.194	0.358	0.186	0.078	0.188	0.195	0.220	0.209	0.196	0.160	0.194	0.206	0.357	0.197	0.168	0.216	0.199	0.191	0.198	0.201	0.202	0.079	0.194	0.310	0.196	0.162	0.193	0.211	0.154	0.215	0.206	0.079	0.304	0.202	0.161	0.184	0.177	0.172	0.182	0.176	0.177	0.333	0.182	0.173
19:59:43	25.4	0.297	0.189	0.160	0.190	0.195	0.356	0.187	0.078	0.187	0.195	0.219	0.210	0.196	0.159	0.194	0.205	0.356	0.196	0.168	0.217	0.197	0.192	0.198	0.199	0.198	0.079	0.193	0.309	0.198	0.161	0.190	0.210	0.155	0.214	0.204	0.079	0.304	0.201	0.161	0.182	0.178	0.172	0.180	0.175	0.177	0.335	0.180	0.174
20:14:43	25.4	0.296	0.188	0.167	0.189	0.193	0.358	0.189	0.078	0.186	0.195	0.218	0.207	0.196	0.158	0.193	0.205	0.360	0.194	0.167	0.216	0.199	0.191	0.197	0.200	0.197	0.079	0.191	0.308	0.199	0.162	0.192	0.209	0.154	0.213	0.204	0.079	0.302	0.201	0.160	0.182	0.176	0.171	0.180	0.174	0.175	0.333	0.181	0.172
20:29:43	25.4	0.297	0.188	0.160	0.190	0.191	0.358	0.186	0.078	0.187	0.195	0.219	0.208	0.195	0.158	0.193	0.206	0.358	0.194	0.166	0.217	0.196	0.192	0.197	0.201	0.199	0.079	0.193	0.308	0.195	0.161	0.191	0.210	0.155	0.213	0.203	0.079	0.302	0.200	0.160	0.184	0.176	0.171	0.179	0.173	0.176	0.334	0.180	0.172
20:44:43	25.4	0.296	0.185	0.171	0.189	0.191	0.357	0.187	0.078	0.186	0.195	0.217	0.208	0.196	0.158	0.193	0.204	0.358	0.194	0.166	0.215	0.197	0.192	0.196	0.200	0.196	0.079	0.192	0.308	0.196	0.161	0.190	0.208	0.154	0.213	0.202	0.079	0.302	0.201	0.159	0.181	0.176	0.171	0.178	0.173	0.174	0.331	0.179	0.171
20:59:43	25.4	0.293	0.186	0.165	0.188	0.192	0.356	0.186	0.078	0.186	0.195	0.216	0.205	0.196	0.157	0.193	0.204	0.356	0.192	0.165	0.214	0.196	0.191	0.196	0.200	0.198	0.079	0.191	0.308	0.193	0.161	0.187	0.207	0.152	0.211	0.204	0.079	0.302	0.200	0.159	0.180	0.176	0.171	0.178	0.172	0.174	0.331	0.179	0.169
21:14:43	25.4	0.294	0.186	0.159	0.187	0.189	0.357	0.186	0.078	0.185	0.195	0.215	0.207	0.195	0.158	0.193	0.203	0.357	0.192	0.166	0.213	0.194	0.192	0.197	0.200	0.194	0.079	0.192	0.307	0.195	0.160	0.189	0.208	0.152	0.212	0.202	0.079	0.301	0.199	0.159	0.180	0.177	0.171	0.177	0.171	0.173	0.332	0.179	0.168
21:29:43	25.4	0.294	0.185	0.159	0.185	0.190	0.356	0.185	0.078	0.183	0.194	0.215	0.203	0.196	0.157	0.188	0.203	0.355	0.192	0.166	0.212	0.194	0.191	0.196	0.199	0.196	0.079	0.191	0.307	0.194	0.159	0.187	0.206	0.154	0.210	0.202	0.079	0.301	0.199	0.158	0.180	0.173	0.170	0.176	0.170	0.173	0.328	0.178	0.167
21:44:43	25.4	0.293	0.183	0.158	0.185	0.189	0.361	0.186	0.078	0.184	0.194	0.214	0.205	0.196	0.157	0.190	0.202	0.357	0.192	0.165	0.215	0.195	0.191	0.197	0.200	0.194	0.079	0.191	0.306	0.194	0.159	0.187	0.206	0.152	0.208	0.201	0.079	0.299	0.201	0.158	0.178	0.173	0.170	0.175	0.169	0.173	0.329	0.178	0.167
21:59:43	25.4	0.290	0.183	0.158	0.186	0.186	0.356	0.185	0.078	0.182	0.194	0.215	0.204	0.196	0.156	0.192	0.203	0.356	0.190	0.166	0.212	0.194	0.192	0.195	0.199	0.194	0.080	0.190	0.307	0.193	0.159	0.184	0.205	0.152	0.210	0.200	0.079	0.298	0.201	0.157	0.179	0.173	0.170	0.174	0.169	0.172	0.329	0.176	0.166
22:14:43	25.4	0.292	0.182	0.160	0.185	0.186	0.355	0.185	0.078	0.181	0.194	0.213	0.204	0.195	0.156	0.192	0.201	0.356	0.189	0.166	0.211	0.194	0.191	0.196	0.199	0.192	0.080	0.191	0.306	0.189	0.158	0.186	0.204	0.153	0.210	0.199	0.079	0.298	0.200	0.157	0.177	0.173	0.169	0.174	0.166	0.171	0.327	0.177	0.165
22:29:43	25.4	0.291	0.181	0.160	0.185	0.185	0.357	0.184	0.078	0.182	0.195	0.211	0.205	0.195	0.156	0.192	0.201	0.355	0.189	0.165	0.211	0.193	0.191	0.195	0.199	0.195	0.079	0.190	0.306	0.191	0.159	0.185	0.204	0.148	0.206	0.198	0.079	0.297	0.200	0.157	0.177	0.173	0.169	0.171	0.167	0.171	0.327	0.177	0.163
22:44:43	25.4	0.289	0.180	0.158	0.182	0.187	0.357	0.184	0.078	0.180	0.195	0.211	0.203	0.195	0.155	0.193	0.201	0.355	0.189	0.164	0.209	0.193	0.191	0.195	0.198	0.194	0.079	0.192	0.305	0.190	0.158	0.184	0.203	0.152	0.207	0.198	0.079	0.298	0.200	0.156	0.175	0.172	0.169	0.171	0.166	0.169	0.326	0.175	0.163
22:59:43	25.4	0.290	0.180	0.163	0.182	0.186	0.355	0.185	0.078	0.179	0.194	0.212	0.203	0.195	0.156	0.190	0.201	0.356	0.189	0.163	0.208	0.192	0.191	0.195	0.199	0.193	0.079	0.189	0.304	0.188	0.157	0.184	0.202	0.152	0.205	0.199	0.079	0.295	0.200	0.156	0.176	0.171	0.168	0.170	0.166	0.169	0.326	0.175	0.162
23:14:43	25.4	0.290	0.178	0.161	0.182	0.184	0.357	0.184	0.078	0.179	0.194	0.210	0.204	0.195	0.155	0.191	0.200	0.356	0.191	0.169	0.209	0.192	0.192	0.195	0.199	0.191	0.079	0.189	0.305	0.188	0.157	0.183	0.203	0.151	0.206	0.197	0.079	0.296	0.199	0.156	0.174	0.174	0.168	0.170	0.165	0.165	0.327	0.174	0.160
23:29:43	25.4	0.290	0.179	0.158	0.182	0.186	0.356	0.185	0.078	0.178	0.195	0.209	0.201	0.194	0.155	0.191	0.199	0.355	0.187	0.165	0.209	0.191	0.191	0.195	0.198	0.193	0.079	0.189	0.305	0.188	0.157	0.184	0.202	0.161	0.206	0.197	0.079	0.298	0.199	0.155	0.175	0.171	0.168	0.169	0.164	0.167	0.325	0.174	0.160
23:44:43	25.4	0.289	0.178	0.159	0.181	0.184	0.356	0.183	0.078	0.179	0.194	0.209	0.200	0.195	0.154	0.190	0.199	0.354	0.187	0.165	0.208	0.191	0.191	0.194	0.198	0.194	0.079	0.188	0.305	0.186	0.157	0.181	0.201	0.155	0.203	0.196	0.079	0.296	0.198	0.155	0.175	0.170	0.168	0.167	0.164	0.167	0.324	0.173	0.158
23:59:43	25.4	0.288	0.177	0.158	0.180	0.183	0.357	0.182	0.078	0.177	0.194	0.209	0.198	0.195	0.154	0.191	0.198	0.354	0.186	0.165	0.208	0.191	0.191	0.194	0.198	0.189	0.079	0.188	0.305	0.185	0.157	0.181	0.201	0.152	0.203	0.194	0.079	0.295	0.198	0.155	0.175	0.171	0.167	0.167	0.163	0.166	0.325	0.173	0.159
24:14:43	25.4	0.288	0.174	0.159	0.180	0.185	0.359	0.182	0.078	0.177	0.193	0.208	0.200	0.193	0.154	0.189	0.198	0.354	0.185	0.165	0.207	0.190	0.192	0.194	0.199	0.192	0.079	0.188	0.305	0.186	0.156	0.179	0.200	0.149	0.204	0.195	0.079	0.296	0.198	0.154	0.174	0.169	0.167	0.166	0.162	0.166	0.321	0.171	0.158
24:29:43	25.4	0.288	0.176	0.157	0.180	0.181	0.357	0.183	0.078	0.177	0.194	0.207	0.198	0.195	0.154	0.189	0.197	0.354	0.185	0.166	0.206	0.187	0.192	0.195	0.198	0.188	0.079	0.187	0.303	0.183	0.157	0.180	0.199	0.155	0.204	0.195	0.079	0.294	0.199	0.154	0.172	0.168	0.167	0.166	0.162	0.166	0.321	0.171	0.157
24:44:43	25.4	0.289	0.172	0.160	0.180	0.184	0.356	0.182	0.078	0.175	0.194	0.208	0.197	0.195	0.154	0.188	0.197	0.352	0.184	0.165	0.206	0.188	0.191	0.194	0.198	0.190	0.079	0.187	0.304	0.183	0.156	0.180	0.199	0.150	0.204	0.195	0.079	0.295	0.199	0.154	0.172	0.168	0.167	0.166	0.159	0.164	0.322	0.171	0.156
24:59:43	25.4	0.286	0.174	0.158	0.179	0.181	0.353	0.180	0.078	0.175	0.193	0.206	0.196	0.194	0.154	0.190	0.196	0.353	0.183	0.165	0.205	0.186	0.192	0.194	0.198	0.190	0.080	0.185	0.303	0.183	0.156	0.180	0.198	0.157	0.201	0.194	0.079	0.296	0.197	0.155	0.172	0.170	0.166	0.164	0.160	0.165	0.321	0.169	0.155
25:14:43	25.4	0.285	0.172	0.158	0.177	0.182	0.353	0.180	0.078	0.174	0.193	0.207	0.196	0.194	0.154	0.190	0.196	0.356	0.184	0.164	0.205	0.186	0.191	0.193	0.198	0.189	0.079	0.186	0.302	0.183	0.156	0.180	0.196	0.150	0.201	0.193	0.079	0.295	0.198	0.154	0.170	0.166	0.166	0.164	0.159	0.162	0.320	0.169	0.153
25:29:43	25.4	0.286	0.173	0.159	0.178	0.181	0.353	0.180	0.078	0.174	0.195	0.206	0.195	0.194	0.154	0.189	0.196	0.352	0.183	0.164	0.203	0.186	0.192	0.193	0.198	0.187	0.080	0.185	0.303	0.182	0.156	0.178	0.196	0.147	0.199	0.192	0.079	0.292	0.199	0.154	0.170	0.166	0.167	0.163	0.159	0.163	0.318	0.169	0.154
25:44:43	25.4	0.286	0.174	0.159	0.178	0.180	0.352	0.179	0.078	0.174	0.194	0.204	0.195	0.194	0.154	0.190	0.196	0.352	0.182	0.164	0.204	0.186	0.192	0.193	0.198	0.188	0.079	0.184	0.302	0.182	0.157	0.176	0.196	0.148	0.201	0.193	0.079	0.293	0.198	0.153	0.169	0.165	0.166	0.162	0.159	0.164	0.318	0.169	0.152
25:59:43	25.4	0.285	0.172	0.156	0.176	0.178	0.352	0.178	0.078	0.172	0.194	0.205	0.194	0.193	0.154	0.189	0.194	0.351	0.181	0.165	0.202	0.186	0.191	0.193	0.197	0.186	0.080	0.185	0.302	0.181	0.156	0.178	0.195	0.149	0.200	0.192	0.079	0.295	0.197	0.154	0.170	0.169	0.166	0.161	0.158	0.163	0.315	0.170	0.152
26:14:43	25.4	0.285	0.173	0.159	0.176	0.179	0.355	0.181	0.078	0.173	0.194	0.204	0.195	0.194	0.154	0.190	0.193	0.352	0.182	0.164	0.201	0.186	0.191	0.194	0.196	0.188	0.079	0.184	0.302	0.181	0.156	0.175	0.196	0.149	0.199	0.192	0.079	0.293	0.198	0.154	0.169	0.167	0.165	0.161	0.158	0.162	0.318	0.169	0.151
26:29:43	25.4	0.285	0.170	0.158	0.175	0.179	0.352	0.178	0.078	0.173	0.193	0.203	0.194	0.194	0.154	0.187	0.194	0.351	0.180	0.163	0.202	0.183	0.191	0.193	0.198	0.184	0.080	0.184	0.302	0.181	0.156	0.175	0.196	0.149	0.199	0.191	0.079	0.294	0.198	0.154	0.167	0.165	0.166	0.160	0.157	0.160	0.317	0.168	0.150
26:44:43	25.4	0.282	0.172	0.155	0.174	0.180	0.354	0.178	0.078	0.172	0.193	0.202	0.192	0.193	0.153	0.189	0.195	0.351	0.181	0.166	0.202	0.183	0.191	0.194	0.196	0.183	0.079	0.184	0.301	0.178	0.156	0.176	0.194	0.147	0.197	0.191	0.079	0.293	0.198	0.154	0.168	0.166	0.164	0.160	0.156	0.162	0.315	0.166	0.150
26:59:43	25.4	0.282	0.169	0.156	0.174	0.179	0.350	0.179	0.078	0.171	0.193	0.202	0.193	0.195	0.154	0.189	0.194	0.352	0.180	0.164	0.200	0.190	0.191	0.193	0.196	0.183	0.079	0.184	0.302	0.179	0.156	0.175	0.195	0.148	0.196	0.190	0.079	0.294	0.200	0.153	0.168	0.165	0.165	0.159	0.156	0.161	0.312	0.166	0.148
27:14:43	25.4	0.283	0.170	0.156	0.175	0.177	0.349	0.176	0.078	0.170	0.193	0.201	0.193	0.194	0.154	0.190	0.192	0.349	0.180	0.163	0.199	0.182	0.191	0.193	0.197	0.186	0.079	0.182	0.300	0.178	0.157	0.174	0.192	0.148	0.198	0.188	0.079	0.294	0.198	0.153	0.166	0.164	0.230	0.159	0.156	0.159	0.315	0.165	0.148
27:29:43	25.4	0.282	0.170	0.161	0.174	0.176	0.350	0.176	0.078	0.170	0.193	0.200	0.191	0.194	0.153	0.189	0.194	0.349	0.178	0.162	0.199	0.183	0.191	0.193	0.196	0.181	0.080	0.183	0.302	0.178	0.156	0.173	0.192	0.148	0.192	0.189	0.079	0.293	0.197	0.154	0.166	0.165	0.164	0.158	0.155	0.158	0.310	0.164	0.147
27:44:43	25.4	0.283	0.169	0.157	0.174	0.179	0.350	0.175	0.078	0.170	0.193	0.200	0.189	0.193	0.154	0.188	0.192	0.349	0.179	0.164	0.197	0.182	0.190	0.193	0.196	0.184	0.079	0.182	0.300	0.178	0.156	0.176	0.191	0.151	0.195	0.189	0.079	0.293	0.197	0.154	0.165	0.165	0.163	0.157	0.154	0.159	0.312	0.164	0.146
27:59:43	25.4	0.282	0.168	0.157	0.173	0.175	0.348	0.175	0.078	0.171	0.194	0.200	0.190	0.193	0.153	0.186	0.191	0.350	0.178	0.166	0.197	0.185	0.190	0.192	0.196	0.182	0.079	0.182	0.300	0.176	0.157	0.173	0.190	0.147	0.194	0.188	0.079	0.293	0.198	0.154	0.165	0.163	0.163	0.156	0.154	0.160	0.309	0.164	0.145
28:14:43	25.4	0.280	0.167	0.156	0.172	0.176	0.350	0.175	0.078	0.170	0.193	0.200	0.188	0.193	0.153	0.188	0.190	0.349	0.178	0.164	0.197	0.183	0.191	0.193	0.196	0.184	0.079	0.180	0.302	0.177	0.157	0.173	0.191	0.147	0.193	0.186	0.079	0.292	0.197	0.153	0.165	0.163	0.164	0.156	0.154	0.158	0.309	0.165	0.145
28:29:43	25.4	0.281	0.171	0.162	0.173	0.176	0.348	0.175	0.078	0.170	0.193	0.199	0.188	0.193	0.154	0.187	0.189	0.349	0.178	0.163	0.196	0.179	0.191	0.192	0.196	0.183	0.079	0.180	0.301	0.176	0.157	0.174	0.191	0.153	0.192	0.189	0.079	0.290	0.197	0.153	0.165	0.162	0.165	0.156	0.153	0.158	0.309	0.166	0.144
28:44:43	25.4	0.281	0.167	0.155	0.172	0.172	0.350	0.174	0.078	0.169	0.192	0.200	0.188	0.194	0.154	0.185	0.189	0.348	0.177	0.164	0.196	0.181	0.190	0.192	0.195	0.183	0.079	0.180	0.300	0.175	0.156	0.172	0.191	0.147	0.192	0.188	0.079	0.291	0.197	0.153	0.163	0.162	0.163	0.155	0.152	0.160	0.309	0.166	0.143
28:59:43	25.4	0.278	0.166	0.155	0.174	0.174	0.347	0.173	0.078	0.169	0.193	0.200	0.189	0.193	0.154	0.186	0.188	0.346	0.175	0.164	0.196	0.181	0.191	0.191	0.195	0.183	0.080	0.179	0.300	0.176	0.156	0.173	0.189	0.149	0.192	0.186	0.079	0.290	0.196	0.153	0.163	0.162	0.162	0.154	0.153	0.155	0.306	0.168	0.142
29:14:43	25.4	0.280	0.168	0.156	0.171	0.175	0.347	0.172	0.078	0.168	0.192	0.198	0.187	0.192	0.154	0.185	0.190	0.347	0.176	0.161	0.194	0.177	0.190	0.191	0.195	0.179	0.080	0.179	0.301	0.177	0.155	0.172	0.187	0.149	0.191	0.185	0.079	0.290	0.197	0.153	0.163	0.160	0.162	0.154	0.152	0.155	0.305	0.171	0.142
29:29:43	25.4	0.278	0.165	0.155	0.171	0.174	0.347	0.172	0.078	0.167	0.192	0.199	0.185	0.192	0.154	0.185	0.189	0.347	0.176	0.164	0.193	0.198	0.190	0.192	0.195	0.182	0.079	0.178	0.300	0.179	0.156	0.172	0.188	0.146	0.189	0.186	0.079	0.291	0.196	0.153	0.164	0.160	0.162	0.153	0.155	0.155	0.305	0.171	0.141
29:44:43	25.4	0.278	0.169	0.156	0.170	0.173	0.346	0.173	0.078	0.167	0.192	0.198	0.185	0.192	0.154	0.188	0.189	0.345	0.175	0.165	0.194	0.180	0.190	0.191	0.194	0.181	0.079	0.178	0.300	0.173	0.157	0.173	0.189	0.148	0.192	0.186	0.079	0.291	0.197	0.153	0.164	0.159	0.163	0.153	0.151	0.155	0.303	0.171	0.142
29:59:43	25.4	0.279	0.164	0.155	0.171	0.172	0.346	0.172	0.078	0.165	0.192	0.196	0.184	0.192	0.154	0.187	0.187	0.346	0.175	0.163	0.193	0.181	0.191	0.191	0.194	0.180	0.079	0.178	0.299	0.173	0.156	0.171	0.187	0.146	0.189	0.185	0.079	0.291	0.196	0.153	0.163	0.158	0.162	0.152	0.151	0.156	0.304	0.170	0.140
30:14:43	25.4	0.278	0.165	0.157	0.169	0.173	0.346	0.171	0.078	0.167	0.192	0.197	0.184	0.191	0.154	0.187	0.187	0.345	0.174	0.162	0.192	0.180	0.190	0.191	0.195	0.180	0.079	0.177	0.300	0.174	0.157	0.170	0.187	0.146	0.188	0.184	0.079	0.290	0.196	0.153	0.163	0.160	0.161	0.152	0.150	0.153	0.303	0.168	0.140
30:29:43	25.4	0.276	0.165	0.156	0.169	0.172	0.345	0.171	0.078	0.167	0.193	0.196	0.183	0.192	0.154	0.187	0.188	0.344	0.174	0.162	0.192	0.178	0.190	0.191	0.194	0.178	0.079	0.177	0.299	0.174	0.157	0.170	0.187	0.143	0.186	0.184	0.079	0.290	0.196	0.153	0.162	0.159	0.160	0.152	0.150	0.155	0.300	0.167	0.139
30:44:43	25.4	0.278	0.165	0.155	0.170	0.172	0.345	0.171	0.078	0.166	0.191	0.195	0.182	0.192	0.155	0.186	0.189	0.343	0.174	0.161	0.192	0.177	0.190	0.191	0.194	0.177	0.079	0.176	0.299	0.173	0.158	0.176	0.185	0.155	0.187	0.183	0.079	0.291	0.196	0.153	0.163	0.158	0.161	0.151	0.152	0.153	0.301	0.167	0.138
30:59:43	25.4	0.279	0.164	0.154	0.170	0.175	0.345	0.169	0.078	0.165	0.193	0.196	0.183	0.191	0.154	0.185	0.186	0.344	0.172	0.163	0.191	0.180	0.189	0.191	0.194	0.179	0.079	0.176	0.300	0.172	0.156	0.171	0.185	0.145	0.187	0.184	0.079	0.291	0.196	0.154	0.160	0.158	0.160	0.150	0.149	0.154	0.298	0.166	0.137
31:14:43	25.4	0.277	0.164	0.157	0.169	0.172	0.344	0.170	0.078	0.164	0.192	0.195	0.182	0.192	0.154	0.187	0.185	0.344	0.173	0.161	0.190	0.178	0.189	0.190	0.194	0.178	0.080	0.177	0.297	0.174	0.156	0.169	0.186	0.145	0.187	0.183	0.079	0.289	0.195	0.153	0.160	0.158	0.160	0.150	0.149	0.155	0.298	0.163	0.134
31:29:43	25.4	0.277	0.168	0.153	0.169	0.173	0.344	0.169	0.078	0.165	0.192	0.195	0.181	0.191	0.154	0.185	0.185	0.344	0.173	0.163	0.191	0.176	0.190	0.191	0.194	0.177	0.079	0.175	0.299	0.172	0.156	0.171	0.184	0.145	0.186	0.183	0.079	0.291	0.195	0.153	0.160	0.159	0.159	0.150	0.148	0.154	0.297	0.165	0.135
31:44:43	25.4	0.275	0.166	0.155	0.169	0.171	0.343	0.168	0.078	0.165	0.192	0.195	0.182	0.193	0.154	0.186	0.186	0.343	0.172	0.163	0.190	0.177	0.190	0.191	0.194	0.178	0.080	0.174	0.299	0.175	0.157	0.169	0.184	0.144	0.186	0.182	0.079	0.287	0.196	0.153	0.161	0.157	0.159	0.151	0.148	0.152	0.297	0.164	0.134
31:59:43	25.4	0.276	0.161	0.156	0.169	0.170	0.344	0.169	0.078	0.164	0.192	0.195	0.183	0.192	0.154	0.186	0.184	0.343	0.173	0.161	0.190	0.177	0.190	0.191	0.194	0.179	0.079	0.173	0.299	0.172	0.156	0.168	0.183	0.147	0.185	0.182	0.079	0.287	0.194	0.153	0.160	0.159	0.159	0.149	0.148	0.151	0.297	0.163	0.133
32:14:43	25.4	0.276	0.163	0.155	0.168	0.170	0.344	0.167	0.078	0.164	0.193	0.194	0.182	0.192	0.154	0.185	0.185	0.340	0.172	0.161	0.190	0.177	0.190	0.190	0.192	0.179	0.079	0.173	0.298	0.173	0.156	0.168	0.186	0.145	0.185	0.182	0.079	0.289	0.195	0.153	0.159	0.155	0.158	0.148	0.150	0.152	0.296	0.162	0.133
32:29:43	25.4	0.275	0.164	0.154	0.167	0.170	0.342	0.167	0.078	0.164	0.192	0.194	0.181	0.191	0.154	0.184	0.184	0.340	0.172	0.163	0.190	0.178	0.190	0.190	0.194	0.177	0.079	0.172	0.297	0.170	0.157	0.169	0.182	0.144	0.184	0.182	0.079	0.288	0.195	0.153	0.159	0.154	0.158	0.148	0.147	0.151	0.294	0.160	0.132
32:44:43	25.4	0.273	0.164	0.153	0.167	0.168	0.341	0.167	0.078	0.164	0.192	0.193	0.182	0.192	0.154	0.185	0.185	0.340	0.172	0.161	0.187	0.177	0.190	0.190	0.193	0.174	0.079	0.171	0.299	0.174	0.156	0.168	0.184	0.144	0.185	0.181	0.079	0.288	0.195	0.153	0.159	0.156	0.158	0.148	0.146	0.152	0.291	0.160	0.132
32:59:43	25.4	0.274	0.162	0.158	0.169	0.169	0.341	0.165	0.078	0.163	0.191	0.193	0.180	0.191	0.154	0.183	0.185	0.341	0.171	0.167	0.189	0.174	0.189	0.190	0.192	0.178	0.079	0.170	0.298	0.170	0.157	0.169	0.182	0.143	0.183	0.181	0.079	0.288	0.195	0.153	0.157	0.154	0.158	0.147	0.147	0.151	0.292	0.159	0.130
33:14:43	25.4	0.273	0.163	0.160	0.167	0.170	0.344	0.165	0.078	0.163	0.191	0.193	0.180	0.192	0.154	0.186	0.183	0.338	0.171	0.163	0.188	0.180	0.189	0.190	0.193	0.173	0.079	0.170	0.292	0.172	0.156	0.167	0.183	0.147	0.182	0.181	0.079	0.287	0.203	0.153	0.159	0.154	0.157	0.147	0.146	0.153	0.291	0.158	0.130
33:29:43	25.4	0.274	0.163	0.155	0.167	0.169	0.344	0.164	0.078	0.163	0.191	0.192	0.178	0.191	0.154	0.185	0.183	0.338	0.170	0.163	0.189	0.177	0.189	0.190	0.193	0.175	0.079	0.170	0.298	0.170	0.156	0.168	0.182	0.144	0.181	0.180	0.079	0.288	0.194	0.154	0.158	0.153	0.157	0.146	0.147	0.150	0.289	0.156	0.130
33:44:43	25.4	0.273	0.160	0.154	0.166	0.168	0.340	0.165	0.078	0.163	0.190	0.192	0.181	0.191	0.154	0.183	0.184	0.339	0.172	0.163	0.188	0.177	0.189	0.190	0.192	0.175	0.079	0.169	0.299	0.171	0.156	0.167	0.182	0.143	0.183	0.179	0.079	0.286	0.194	0.153	0.158	0.152	0.156	0.145	0.148	0.151	0.290	0.157	0.128
33:59:43	25.4	0.271	0.162	0.155	0.167	0.168	0.344	0.164	0.078	0.163	0.190	0.191	0.180	0.191	0.155	0.185	0.183	0.337	0.171	0.162	0.188	0.177	0.189	0.190	0.192	0.173	0.079	0.169	0.297	0.170	0.156	0.167	0.181	0.143	0.181	0.180	0.079	0.286	0.194	0.153	0.156	0.152	0.157	0.146	0.147	0.150	0.287	0.157	0.128
34:14:43	25.4	0.273	0.161	0.153	0.167	0.170	0.340	0.163	0.078	0.162	0.191	0.193	0.183	0.192	0.154	0.184	0.182	0.338	0.172	0.169	0.187	0.174	0.189	0.189	0.192	0.173	0.080	0.168	0.299	0.170	0.156	0.167	0.181	0.142	0.183	0.178	0.079	0.285	0.194	0.153	0.157	0.152	0.156	0.145	0.145	0.149	0.288	0.155	0.127
34:29:43	25.4	0.273	0.162	0.154	0.167	0.168	0.340	0.161	0.078	0.161	0.190	0.191	0.180	0.191	0.154	0.184	0.183	0.337	0.169	0.162	0.188	0.176	0.188	0.190	0.192	0.175	0.079	0.166	0.297	0.170	0.156	0.168	0.179	0.146	0.181	0.179	0.079	0.286	0.193	0.153	0.155	0.151	0.156	0.144	0.145	0.150	0.284	0.156	0.126
34:44:43	25.4	0.271	0.160	0.153	0.165	0.168	0.338	0.161	0.078	0.161	0.190	0.191	0.181	0.192	0.154	0.185	0.182	0.337	0.170	0.173	0.187	0.176	0.189	0.189	0.192	0.174	0.079	0.167	0.296	0.170	0.156	0.167	0.181	0.150	0.180	0.178	0.079	0.288	0.194	0.152	0.156	0.151	0.155	0.144	0.147	0.151	0.286	0.155	0.126
34:59:43	25.4	0.272	0.164	0.155	0.165	0.170	0.339	0.160	0.078	0.161	0.190	0.190	0.180	0.191	0.154	0.185	0.182	0.337	0.170	0.162	0.188	0.174	0.188	0.189	0.192	0.172	0.080	0.166	0.297	0.172	0.156	0.169	0.179	0.141	0.179	0.178	0.079	0.286	0.194	0.153	0.156	0.150	0.156	0.146	0.146	0.151	0.284	0.152	0.123
35:14:43	25.3	0.271	0.160	0.154	0.166	0.166	0.338	0.160	0.078	0.162	0.190	0.189	0.179	0.191	0.155	0.185	0.180	0.337	0.169	0.162	0.187	0.173	0.187	0.189	0.194	0.173	0.079	0.166	0.296	0.169	0.156	0.168	0.179	0.143	0.179	0.177	0.079	0.287	0.194	0.153	0.156	0.149	0.155	0.144	0.145	0.148	0.282	0.153	0.124
35:29:43	25.3	0.269	0.161	0.153	0.166	0.169	0.338	0.160	0.078	0.160	0.190	0.190	0.180	0.191	0.154	0.184	0.181	0.334	0.170	0.162	0.186	0.174	0.188	0.189	0.192	0.174	0.080	0.165	0.296	0.169	0.156	0.166	0.179	0.141	0.178	0.178	0.079	0.285	0.194	0.153	0.155	0.149	0.155	0.144	0.145	0.148	0.284	0.153	0.124
35:44:43	25.3	0.271	0.160	0.154	0.165	0.167	0.337	0.159	0.078	0.161	0.190	0.190	0.178	0.191	0.154	0.184	0.181	0.335	0.169	0.163	0.186	0.174	0.188	0.189	0.192	0.173	0.079	0.164	0.297	0.170	0.156	0.166	0.177	0.146	0.180	0.178	0.079	0.286	0.193	0.153	0.157	0.149	0.153	0.143	0.143	0.148	0.281	0.150	0.121
35:59:43	25.3	0.271	0.159	0.157	0.165	0.167	0.337	0.158	0.078	0.159	0.189	0.190	0.177	0.190	0.155	0.183	0.182	0.336	0.168	0.163	0.186	0.173	0.189	0.188	0.191	0.174	0.080	0.163	0.297	0.169	0.156	0.164	0.178	0.142	0.178	0.178	0.079	0.285	0.193	0.152	0.155	0.149	0.155	0.143	0.143	0.147	0.280	0.151	0.122
36:14:43	25.3	0.270	0.160	0.153	0.165	0.166	0.336	0.158	0.078	0.159	0.190	0.189	0.176	0.191	0.154	0.184	0.180	0.333	0.170	0.163	0.185	0.175	0.188	0.189	0.192	0.171	0.080	0.163	0.296	0.168	0.156	0.166	0.179	0.142	0.177	0.178	0.079	0.286	0.194	0.152	0.154	0.149	0.171	0.142	0.145	0.146	0.279	0.149	0.121
36:29:43	25.3	0.268	0.160	0.155	0.166	0.168	0.336	0.157	0.078	0.160	0.191	0.189	0.176	0.190	0.154	0.183	0.183	0.333	0.169	0.163	0.186	0.175	0.188	0.188	0.191	0.172	0.079	0.163	0.296	0.168	0.156	0.165	0.178	0.146	0.178	0.177	0.079	0.286	0.193	0.152	0.154	0.148	0.154	0.142	0.142	0.146	0.281	0.149	0.118
36:44:43	25.3	0.267	0.160	0.154	0.165	0.166	0.337	0.157	0.078	0.160	0.190	0.189	0.176	0.190	0.154	0.184	0.180	0.331	0.170	0.162	0.185	0.174	0.188	0.189	0.191	0.169	0.079	0.161	0.295	0.167	0.156	0.164	0.177	0.141	0.178	0.177	0.079	0.286	0.193	0.152	0.154	0.148	0.153	0.142	0.143	0.148	0.277	0.149	0.120
36:59:43	25.3	0.269	0.158	0.153	0.165	0.169	0.335	0.156	0.078	0.160	0.189	0.190	0.175	0.191	0.155	0.182	0.180	0.332	0.169	0.162	0.185	0.174	0.188	0.188	0.192	0.172	0.080	0.161	0.297	0.167	0.157	0.168	0.178	0.141	0.176	0.176	0.079	0.285	0.193	0.152	0.155	0.147	0.154	0.142	0.144	0.148	0.276	0.149	0.119
37:14:43	25.3	0.267	0.159	0.156	0.165	0.168	0.334	0.155	0.078	0.159	0.190	0.189	0.174	0.190	0.154	0.183	0.183	0.333	0.169	0.162	0.184	0.174	0.187	0.188	0.191	0.169	0.079	0.161	0.295	0.168	0.156	0.163	0.176	0.141	0.176	0.176	0.079	0.285	0.192	0.152	0.154	0.147	0.153	0.142	0.143	0.148	0.276	0.146	0.118
37:29:43	25.3	0.267	0.159	0.155	0.163	0.170	0.334	0.155	0.078	0.159	0.189	0.187	0.174	0.190	0.154	0.184	0.180	0.330	0.168	0.162	0.184	0.175	0.187	0.188	0.192	0.171	0.079	0.161	0.295	0.168	0.156	0.173	0.178	0.143	0.175	0.178	0.079	0.284	0.192	0.152	0.153	0.147	0.152	0.141	0.143	0.147	0.276	0.147	0.116
37:44:43	25.3	0.265	0.158	0.157	0.163	0.169	0.333	0.155	0.078	0.157	0.189	0.188	0.173	0.190	0.154	0.183	0.180	0.330	0.169	0.162	0.184	0.174	0.188	0.188	0.190	0.169	0.079	0.160	0.297	0.167	0.156	0.164	0.177	0.140	0.176	0.175	0.079	0.286	0.192	0.152	0.155	0.145	0.152	0.141	0.141	0.145	0.273	0.147	0.117
37:59:43	25.3	0.267	0.157	0.153	0.164	0.166	0.333	0.154	0.078	0.158	0.189	0.188	0.173	0.190	0.154	0.182	0.180	0.330	0.168	0.162	0.184	0.173	0.188	0.188	0.190	0.171	0.079	0.159	0.295	0.169	0.156	0.164	0.177	0.144	0.174	0.176	0.079	0.284	0.196	0.152	0.152	0.146	0.151	0.140	0.141	0.144	0.274	0.145	0.117
38:14:43	25.3	0.266	0.157	0.153	0.163	0.164	0.333	0.153	0.078	0.157	0.189	0.187	0.174	0.191	0.154	0.182	0.180	0.329	0.168	0.162	0.185	0.176	0.188	0.187	0.189	0.169	0.080	0.158	0.295	0.167	0.156	0.164	0.175	0.140	0.175	0.177	0.079	0.285	0.192	0.152	0.152	0.145	0.153	0.140	0.140	0.145	0.276	0.145	0.115
38:29:43	25.3	0.265	0.157	0.154	0.163	0.166	0.333	0.153	0.078	0.158	0.189	0.187	0.173	0.191	0.154	0.183	0.182	0.329	0.168	0.164	0.184	0.175	0.187	0.187	0.190	0.170	0.079	0.159	0.296	0.169	0.156	0.164	0.175	0.139	0.174	0.176	0.079	0.283	0.192	0.152	0.152	0.145	0.152	0.140	0.142	0.144	0.272	0.145	0.114
38:44:43	25.3	0.266	0.157	0.152	0.163	0.167	0.333	0.153	0.078	0.156	0.189	0.187	0.172	0.189	0.155	0.183	0.180	0.328	0.168	0.161	0.184	0.175	0.188	0.187	0.190	0.171	0.079	0.158	0.295	0.168	0.156	0.165	0.175	0.139	0.174	0.175	0.079	0.284	0.193	0.152	0.151	0.143	0.152	0.141	0.142	0.145	0.270	0.143	0.111
38:59:43	25.3	0.265	0.159	0.154	0.162	0.167	0.336	0.152	0.078	0.155	0.188	0.187	0.171	0.190	0.154	0.183	0.179	0.328	0.168	0.162	0.184	0.174	0.187	0.187	0.190	0.168	0.080	0.159	0.296	0.167	0.156	0.163	0.174	0.140	0.174	0.176	0.079	0.283	0.192	0.152	0.152	0.143	0.152	0.139	0.141	0.145	0.269	0.144	0.114
39:14:43	25.3	0.262	0.157	0.152	0.162	0.164	0.332	0.152	0.078	0.156	0.189	0.187	0.171	0.190	0.154	0.182	0.181	0.327	0.168	0.162	0.183	0.177	0.188	0.188	0.189	0.168	0.079	0.157	0.294	0.166	0.156	0.162	0.174	0.140	0.172	0.175	0.079	0.283	0.192	0.152	0.151	0.142	0.151	0.139	0.141	0.143	0.268	0.141	0.110
39:29:43	25.3	0.263	0.158	0.152	0.163	0.164	0.333	0.152	0.078	0.156	0.188	0.185	0.171	0.190	0.154	0.182	0.179	0.327	0.167	0.162	0.184	0.173	0.188	0.187	0.190	0.168	0.080	0.157	0.295	0.167	0.156	0.163	0.174	0.139	0.172	0.175	0.079	0.278	0.192	0.152	0.151	0.144	0.150	0.139	0.139	0.143	0.268	0.142	0.108
39:44:43	25.3	0.264	0.159	0.152	0.162	0.164	0.331	0.151	0.078	0.155	0.188	0.185	0.170	0.189	0.154	0.181	0.179	0.326	0.168	0.161	0.183	0.173	0.187	0.187	0.190	0.170	0.080	0.156	0.296	0.166	0.157	0.163	0.174	0.138	0.171	0.174	0.079	0.283	0.191	0.151	0.150	0.143	0.150	0.139	0.141	0.144	0.267	0.142	0.111
39:59:43	25.4	0.264	0.156	0.152	0.163	0.163	0.330	0.151	0.078	0.156	0.189	0.186	0.170	0.189	0.155	0.181	0.180	0.325	0.167	0.161	0.182	0.178	0.187	0.188	0.190	0.169	0.079	0.156	0.294	0.166	0.157	0.163	0.173	0.138	0.172	0.174	0.079	0.283	0.192	0.152	0.153	0.143	0.149	0.138	0.140	0.141	0.267	0.140	0.107
40:14:43	25.4	0.261	0.158	0.151	0.163	0.165	0.332	0.150	0.078	0.155	0.188	0.186	0.169	0.189	0.154	0.182	0.180	0.325	0.168	0.162	0.182	0.175	0.187	0.187	0.189	0.167	0.079	0.156	0.294	0.166	0.155	0.163	0.174	0.138	0.171	0.174	0.079	0.284	0.191	0.151	0.151	0.142	0.149	0.137	0.140	0.142	0.266	0.141	0.110
40:29:43	25.4	0.261	0.156	0.152	0.162	0.161	0.330	0.149	0.078	0.156	0.188	0.185	0.169	0.189	0.155	0.182	0.180	0.323	0.167	0.161	0.180	0.174	0.187	0.187	0.188	0.167	0.079	0.155	0.295	0.165	0.155	0.162	0.173	0.139	0.172	0.174	0.079	0.282	0.191	0.152	0.150	0.143	0.148	0.138	0.139	0.143	0.265	0.139	0.108
40:44:43	25.4	0.263	0.156	0.151	0.161	0.163	0.332	0.149	0.078	0.155	0.188	0.186	0.169	0.190	0.155	0.181	0.179	0.324	0.167	0.162	0.180	0.174	0.186	0.186	0.189	0.167	0.079	0.155	0.295	0.166	0.155	0.162	0.173	0.138	0.170	0.175	0.079	0.284	0.191	0.152	0.150	0.141	0.149	0.137	0.139	0.143	0.264	0.140	0.107
40:59:43	25.4	0.258	0.155	0.154	0.162	0.162	0.330	0.149	0.078	0.155	0.187	0.186	0.168	0.189	0.154	0.183	0.179	0.323	0.167	0.161	0.178	0.180	0.186	0.187	0.191	0.167	0.080	0.156	0.293	0.165	0.155	0.162	0.172	0.139	0.169	0.173	0.079	0.282	0.191	0.152	0.149	0.140	0.147	0.137	0.140	0.142	0.263	0.139	0.103
41:14:43	25.4	0.261	0.154	0.151	0.163	0.162	0.329	0.149	0.078	0.154	0.188	0.186	0.170	0.189	0.155	0.182	0.179	0.322	0.166	0.161	0.177	0.171	0.186	0.186	0.189	0.168	0.079	0.154	0.293	0.165	0.155	0.162	0.173	0.138	0.169	0.173	0.079	0.284	0.191	0.152	0.149	0.141	0.152	0.135	0.137	0.142	0.262	0.139	0.103
41:29:43	25.4	0.261	0.157	0.152	0.161	0.163	0.328	0.148	0.078	0.154	0.187	0.184	0.168	0.189	0.154	0.179	0.178	0.321	0.166	0.161	0.176	0.171	0.187	0.186	0.188	0.167	0.079	0.153	0.294	0.167	0.155	0.161	0.172	0.137	0.171	0.175	0.079	0.282	0.191	0.151	0.148	0.140	0.148	0.136	0.141	0.142	0.262	0.138	0.102
41:44:43	25.4	0.258	0.155	0.152	0.160	0.162	0.327	0.147	0.078	0.153	0.187	0.185	0.167	0.189	0.155	0.180	0.178	0.320	0.166	0.162	0.176	0.170	0.186	0.186	0.193	0.166	0.079	0.153	0.294	0.165	0.156	0.160	0.173	0.137	0.170	0.173	0.079	0.281	0.191	0.151	0.148	0.139	0.149	0.136	0.139	0.141	0.263	0.138	0.101
41:59:43	25.4	0.257	0.153	0.153	0.161	0.161	0.327	0.148	0.078	0.152	0.189	0.185	0.167	0.189	0.154	0.182	0.178	0.320	0.166	0.162	0.176	0.171	0.186	0.186	0.189	0.168	0.080	0.153	0.294	0.166	0.155	0.160	0.172	0.137	0.167	0.173	0.079	0.283	0.191	0.151	0.148	0.139	0.148	0.135	0.138	0.141	0.258	0.136	0.102
42:14:43	25.4	0.256	0.153	0.151	0.161	0.162	0.329	0.147	0.078	0.154	0.187	0.185	0.166	0.189	0.155	0.181	0.178	0.319	0.166	0.161	0.175	0.170	0.186	0.186	0.188	0.166	0.080	0.153	0.294	0.164	0.156	0.161	0.172	0.137	0.168	0.172	0.079	0.283	0.191	0.151	0.148	0.138	0.148	0.136	0.138	0.140	0.260	0.137	0.101
42:29:43	25.4	0.256	0.154	0.151	0.160	0.164	0.326	0.147	0.078	0.151	0.187	0.184	0.166	0.188	0.154	0.181	0.178	0.320	0.165	0.161	0.176	0.169	0.186	0.185	0.188	0.166	0.079	0.153	0.295	0.165	0.155	0.160	0.172	0.137	0.166	0.172	0.079	0.281	0.191	0.151	0.147	0.140	0.148	0.135	0.138	0.141	0.259	0.137	0.100
42:44:43	25.4	0.256	0.153	0.152	0.161	0.163	0.329	0.147	0.078	0.153	0.188	0.185	0.167	0.188	0.155	0.179	0.177	0.317	0.165	0.162	0.176	0.167	0.186	0.185	0.188	0.165	0.080	0.152	0.293	0.163	0.155	0.166	0.172	0.136	0.166	0.172	0.079	0.284	0.191	0.151	0.148	0.137	0.147	0.135	0.137	0.140	0.257	0.137	0.098
42:59:43	25.5	0.255	0.153	0.150	0.160	0.161	0.325	0.146	0.078	0.151	0.187	0.184	0.166	0.188	0.154	0.181	0.178	0.317	0.165	0.161	0.175	0.168	0.186	0.185	0.188	0.167	0.079	0.153	0.295	0.163	0.155	0.160	0.173	0.135	0.165	0.172	0.079	0.281	0.190	0.151	0.148	0.138	0.146	0.135	0.137	0.139	0.257	0.135	0.098
43:14:43	25.5	0.254	0.153	0.151	0.159	0.163	0.325	0.146	0.078	0.151	0.188	0.185	0.164	0.188	0.154	0.179	0.178	0.318	0.166	0.161	0.176	0.169	0.186	0.185	0.188	0.164	0.080	0.152	0.293	0.163	0.155	0.159	0.172	0.136	0.166	0.173	0.079	0.281	0.191	0.151	0.146	0.138	0.146	0.135	0.137	0.140	0.254	0.136	0.098
43:29:43	25.5	0.255	0.151	0.155	0.159	0.161	0.328	0.145	0.078	0.150	0.187	0.184	0.164	0.189	0.154	0.180	0.177	0.316	0.166	0.163	0.174	0.169	0.187	0.185	0.188	0.165	0.080	0.151	0.293	0.163	0.155	0.161	0.171	0.136	0.167	0.173	0.079	0.281	0.190	0.151	0.148	0.136	0.145	0.135	0.136	0.139	0.254	0.135	0.096
43:44:43	25.5	0.253	0.153	0.153	0.160	0.160	0.325	0.145	0.078	0.152	0.187	0.184	0.165	0.189	0.155	0.180	0.177	0.315	0.166	0.161	0.173	0.167	0.186	0.186	0.187	0.167	0.079	0.151	0.293	0.163	0.155	0.159	0.172	0.135	0.164	0.173	0.079	0.279	0.189	0.151	0.146	0.136	0.146	0.134	0.136	0.139	0.254	0.134	0.094
43:59:43	25.6	0.257	0.154	0.150	0.159	0.159	0.326	0.145	0.078	0.151	0.187	0.183	0.163	0.188	0.154	0.181	0.178	0.316	0.166	0.161	0.173	0.169	0.186	0.186	0.188	0.164	0.079	0.151	0.292	0.162	0.155	0.159	0.171	0.135	0.164	0.172	0.079	0.285	0.189	0.151	0.146	0.136	0.146	0.134	0.136	0.139	0.251	0.135	0.093
44:14:43	25.6	0.253	0.153	0.150	0.159	0.160	0.324	0.145	0.078	0.151	0.187	0.184	0.165	0.188	0.155	0.180	0.178	0.316	0.165	0.161	0.171	0.168	0.186	0.185	0.187	0.164	0.080	0.151	0.294	0.162	0.156	0.159	0.172	0.134	0.165	0.172	0.079	0.279	0.189	0.150	0.145	0.135	0.146	0.133	0.134	0.138	0.252	0.134	0.093
44:29:43	25.6	0.252	0.154	0.152	0.158	0.162	0.324	0.145	0.078	0.151	0.187	0.184	0.163	0.188	0.155	0.180	0.176	0.314	0.165	0.159	0.171	0.168	0.186	0.184	0.187	0.164	0.080	0.151	0.292	0.162	0.155	0.160	0.172	0.135	0.163	0.172	0.079	0.283	0.189	0.150	0.147	0.133	0.145	0.134	0.134	0.139	0.252	0.131	0.092
44:44:43	25.6	0.252	0.151	0.151	0.158	0.160	0.322	0.145	0.078	0.151	0.186	0.183	0.163	0.188	0.155	0.180	0.178	0.314	0.165	0.159	0.172	0.168	0.186	0.184	0.187	0.166	0.080	0.150	0.293	0.163	0.154	0.159	0.171	0.135	0.162	0.171	0.079	0.281	0.189	0.151	0.145	0.134	0.145	0.132	0.136	0.137	0.249	0.133	0.091
44:59:43	25.6	0.254	0.152	0.155	0.159	0.161	0.322	0.144	0.078	0.150	0.186	0.183	0.162	0.188	0.154	0.179	0.178	0.313	0.165	0.161	0.172	0.167	0.185	0.185	0.187	0.163	0.079	0.150	0.291	0.163	0.155	0.158	0.171	0.134	0.161	0.171	0.079	0.280	0.190	0.150	0.144	0.133	0.143	0.132	0.135	0.138	0.247	0.132	0.090
45:14:43	25.6	0.251	0.152	0.151	0.158	0.161	0.321	0.144	0.078	0.151	0.187	0.183	0.161	0.187	0.154	0.180	0.177	0.312	0.165	0.161	0.171	0.168	0.185	0.185	0.187	0.164	0.079	0.152	0.292	0.161	0.156	0.158	0.170	0.135	0.162	0.172	0.079	0.282	0.189	0.151	0.145	0.134	0.144	0.132	0.135	0.138	0.250	0.132	0.089
45:29:43	25.6	0.250	0.152	0.150	0.159	0.161	0.322	0.144	0.078	0.149	0.186	0.183	0.162	0.188	0.154	0.181	0.177	0.311	0.165	0.159	0.172	0.167	0.185	0.185	0.187	0.163	0.080	0.151	0.291	0.161	0.155	0.159	0.171	0.134	0.161	0.172	0.079	0.279	0.189	0.150	0.147	0.133	0.143	0.131	0.134	0.138	0.246	0.132	0.089
45:44:43	25.6	0.248	0.152	0.152	0.157	0.158	0.324	0.144	0.078	0.150	0.186	0.183	0.161	0.188	0.155	0.180	0.179	0.311	0.164	0.163	0.171	0.167	0.184	0.184	0.186	0.164	0.079	0.150	0.291	0.161	0.154	0.159	0.170	0.134	0.162	0.171	0.079	0.281	0.189	0.150	0.144	0.132	0.143	0.132	0.134	0.135	0.246	0.131	0.088
45:59:43	25.6	0.247	0.151	0.152	0.157	0.162	0.321	0.143	0.078	0.149	0.186	0.183	0.160	0.188	0.155	0.180	0.178	0.310	0.163	0.161	0.171	0.166	0.184	0.183	0.186	0.164	0.079	0.149	0.291	0.162	0.154	0.159	0.170	0.133	0.162	0.171	0.079	0.280	0.188	0.150	0.144	0.135	0.141	0.131	0.134	0.136	0.245	0.130	0.088
46:14:43	25.6	0.248	0.150	0.150	0.157	0.159	0.321	0.143	0.078	0.149	0.187	0.182	0.161	0.188	0.154	0.179	0.178	0.309	0.163	0.161	0.170	0.167	0.185	0.184	0.186	0.163	0.079	0.149	0.291	0.164	0.154	0.158	0.170	0.134	0.160	0.171	0.079	0.281	0.188	0.149	0.146	0.132	0.142	0.131	0.132	0.137	0.243	0.130	0.086
46:29:43	25.6	0.250	0.150	0.153	0.157	0.160	0.320	0.143	0.078	0.148	0.185	0.182	0.161	0.187	0.154	0.178	0.177	0.308	0.164	0.161	0.169	0.166	0.185	0.184	0.186	0.162	0.079	0.148	0.292	0.162	0.154	0.156	0.169	0.137	0.160	0.171	0.079	0.279	0.189	0.150	0.143	0.131	0.142	0.130	0.133	0.135	0.242	0.127	0.087
46:44:43	25.6	0.247	0.151	0.150	0.156	0.158	0.319	0.143	0.078	0.149	0.186	0.182	0.161	0.187	0.154	0.178	0.178	0.310	0.162	0.161	0.168	0.167	0.185	0.184	0.185	0.162	0.079	0.148	0.291	0.162	0.155	0.157	0.169	0.133	0.158	0.171	0.079	0.279	0.188	0.150	0.143	0.133	0.141	0.130	0.133	0.136	0.242	0.129	0.086
46:59:43	25.6	0.250	0.150	0.150	0.156	0.160	0.322	0.142	0.078	0.148	0.185	0.182	0.159	0.187	0.154	0.179	0.178	0.308	0.163	0.160	0.168	0.167	0.184	0.183	0.185	0.162	0.079	0.148	0.292	0.160	0.154	0.158	0.170	0.133	0.161	0.172	0.079	0.280	0.188	0.149	0.142	0.130	0.141	0.130	0.132	0.136	0.242	0.128	0.086
47:14:43	25.6	0.249	0.150	0.149	0.156	0.158	0.319	0.142	0.078	0.148	0.185	0.182	0.158	0.187	0.154	0.179	0.175	0.306	0.163	0.160	0.169	0.167	0.185	0.183	0.187	0.163	0.079	0.148	0.290	0.161	0.154	0.157	0.168	0.133	0.159	0.170	0.079	0.278	0.188	0.149	0.142	0.132	0.141	0.130	0.132	0.135	0.239	0.128	0.086
47:29:43	25.6	0.244	0.150	0.152	0.156	0.160	0.319	0.142	0.078	0.148	0.186	0.182	0.158	0.187	0.154	0.178	0.177	0.306	0.162	0.162	0.167	0.166	0.184	0.182	0.186	0.162	0.080	0.147	0.291	0.161	0.154	0.157	0.169	0.133	0.160	0.171	0.079	0.281	0.188	0.150	0.144	0.132	0.141	0.130	0.130	0.136	0.241	0.128	0.086
47:44:43	25.6	0.245	0.150	0.150	0.155	0.158	0.318	0.142	0.078	0.147	0.185	0.182	0.158	0.187	0.154	0.179	0.177	0.305	0.162	0.164	0.167	0.167	0.184	0.183	0.185	0.161	0.079	0.148	0.290	0.160	0.154	0.157	0.168	0.133	0.158	0.170	0.079	0.277	0.188	0.150	0.143	0.130	0.139	0.129	0.132	0.135	0.240	0.127	0.086
47:59:43	25.6	0.243	0.150	0.150	0.155	0.158	0.318	0.142	0.078	0.148	0.185	0.183	0.160	0.187	0.154	0.178	0.179	0.305	0.163	0.161	0.167	0.167	0.185	0.183	0.185	0.162	0.079	0.148	0.290	0.160	0.155	0.158	0.169	0.132	0.159	0.171	0.079	0.279	0.188	0.149	0.144	0.130	0.139	0.129	0.132	0.135	0.238	0.129	0.086
48:14:43	25.6	0.248	0.150	0.150	0.156	0.157	0.317	0.141	0.078	0.146	0.185	0.182	0.158	0.186	0.154	0.177	0.178	0.304	0.162	0.161	0.168	0.165	0.184	0.183	0.185	0.162	0.080	0.147	0.290	0.160	0.154	0.158	0.168	0.132	0.158	0.171	0.079	0.281	0.188	0.150	0.142	0.130	0.138	0.128	0.132	0.133	0.235	0.127	0.085
48:29:43	25.5	0.242	0.150	0.151	0.155	0.158	0.317	0.141	0.078	0.148	0.185	0.182	0.157	0.186	0.152	0.178	0.177	0.303	0.161	0.161	0.167	0.165	0.185	0.182	0.185	0.161	0.080	0.147	0.292	0.160	0.153	0.156	0.169	0.132	0.158	0.170	0.079	0.278	0.188	0.149	0.141	0.130	0.139	0.128	0.130	0.132	0.237	0.126	0.086
48:44:43	25.5	0.246	0.148	0.149	0.154	0.158	0.317	0.142	0.078	0.146	0.185	0.182	0.156	0.186	0.153	0.177	0.177	0.304	0.162	0.159	0.168	0.166	0.183	0.182	0.184	0.160	0.079	0.147	0.289	0.159	0.153	0.156	0.169	0.131	0.157	0.170	0.079	0.280	0.187	0.149	0.141	0.128	0.139	0.128	0.132	0.133	0.234	0.126	0.086
48:59:43	25.5	0.243	0.149	0.149	0.154	0.158	0.318	0.141	0.078	0.145	0.186	0.183	0.155	0.187	0.153	0.178	0.176	0.304	0.161	0.160	0.165	0.166	0.183	0.182	0.185	0.160	0.079	0.147	0.291	0.164	0.154	0.157	0.167	0.130	0.157	0.169	0.079	0.278	0.188	0.149	0.141	0.129	0.137	0.127	0.132	0.133	0.234	0.125	0.086
49:14:43	25.5	0.242	0.149	0.149	0.155	0.157	0.318	0.141	0.078	0.147	0.185	0.181	0.159	0.187	0.153	0.177	0.177	0.303	0.160	0.160	0.166	0.167	0.184	0.183	0.185	0.160	0.080	0.146	0.290	0.158	0.154	0.155	0.168	0.131	0.159	0.170	0.079	0.279	0.187	0.149	0.140	0.126	0.138	0.127	0.129	0.132	0.232	0.125	0.086
49:29:43	25.5	0.241	0.148	0.150	0.154	0.157	0.316	0.141	0.078	0.145	0.186	0.181	0.156	0.187	0.153	0.177	0.177	0.302	0.161	0.160	0.168	0.165	0.183	0.181	0.185	0.160	0.079	0.147	0.289	0.159	0.154	0.156	0.168	0.131	0.156	0.169	0.079	0.277	0.187	0.149	0.140	0.126	0.137	0.127	0.131	0.133	0.230	0.124	0.086
49:44:43	25.5	0.242	0.148	0.149	0.154	0.157	0.315	0.141	0.078	0.144	0.184	0.182	0.155	0.187	0.153	0.177	0.177	0.300	0.160	0.158	0.167	0.164	0.183	0.182	0.185	0.160	0.080	0.148	0.290	0.158	0.154	0.156	0.168	0.138	0.156	0.169	0.079	0.278	0.187	0.148	0.139	0.127	0.136	0.126	0.129	0.133	0.230	0.127	0.086
49:59:43	25.5	0.238	0.148	0.149	0.153	0.155	0.315	0.141	0.078	0.146	0.185	0.181	0.158	0.186	0.153	0.178	0.176	0.298	0.160	0.162	0.165	0.164	0.184	0.182	0.184	0.159	0.079	0.147	0.288	0.158	0.153	0.156	0.167	0.130	0.160	0.170	0.079	0.276	0.187	0.149	0.140	0.127	0.137	0.126	0.130	0.132	0.228	0.126	0.086
50:14:43	25.5	0.238	0.148	0.149	0.153	0.156	0.317	0.141	0.078	0.143	0.184	0.182	0.154	0.186	0.153	0.177	0.176	0.299	0.160	0.161	0.164	0.163	0.185	0.181	0.183	0.159	0.080	0.147	0.288	0.158	0.153	0.155	0.167	0.130	0.155	0.170	0.079	0.278	0.189	0.149	0.142	0.126	0.137	0.125	0.129	0.132	0.229	0.124	0.087
50:29:43	25.5	0.238	0.148	0.150	0.153	0.157	0.315	0.140	0.078	0.145	0.184	0.181	0.154	0.186	0.153	0.176	0.176	0.299	0.160	0.160	0.164	0.165	0.184	0.182	0.184	0.159	0.079	0.147	0.290	0.157	0.153	0.155	0.167	0.130	0.156	0.169	0.079	0.277	0.188	0.148	0.142	0.126	0.136	0.123	0.129	0.132	0.226	0.123	0.087
50:44:43	25.4	0.242	0.147	0.151	0.154	0.157	0.314	0.141	0.078	0.144	0.185	0.182	0.154	0.186	0.154	0.177	0.177	0.298	0.161	0.163	0.164	0.163	0.184	0.181	0.184	0.159	0.079	0.146	0.288	0.158	0.154	0.156	0.167	0.130	0.154	0.168	0.079	0.278	0.187	0.149	0.139	0.124	0.135	0.125	0.129	0.132	0.228	0.122	0.087
50:59:43	25.4	0.236	0.148	0.149	0.153	0.156	0.313	0.139	0.078	0.144	0.184	0.180	0.155	0.186	0.153	0.177	0.177	0.298	0.159	0.160	0.164	0.167	0.183	0.181	0.184	0.158	0.080	0.146	0.288	0.157	0.154	0.154	0.166	0.130	0.155	0.170	0.079	0.279	0.186	0.148	0.139	0.122	0.136	0.124	0.128	0.131	0.224	0.122	0.087
51:14:43	25.5	0.237	0.147	0.150	0.152	0.157	0.313	0.139	0.078	0.144	0.184	0.180	0.154	0.186	0.152	0.177	0.177	0.296	0.160	0.160	0.162	0.163	0.183	0.181	0.183	0.158	0.079	0.147	0.289	0.158	0.153	0.154	0.166	0.130	0.154	0.169	0.079	0.277	0.186	0.147	0.138	0.122	0.134	0.124	0.129	0.131	0.224	0.122	0.087
51:29:43	25.5	0.240	0.148	0.149	0.152	0.176	0.313	0.138	0.078	0.144	0.183	0.181	0.153	0.186	0.153	0.176	0.176	0.295	0.159	0.161	0.164	0.164	0.183	0.180	0.184	0.158	0.080	0.146	0.289	0.160	0.153	0.154	0.167	0.129	0.153	0.169	0.079	0.276	0.186	0.148	0.139	0.125	0.133	0.124	0.129	0.130	0.225	0.120	0.087
51:44:43	25.4	0.238	0.146	0.149	0.152	0.155	0.312	0.139	0.078	0.143	0.183	0.182	0.153	0.186	0.153	0.177	0.178	0.296	0.161	0.162	0.162	0.164	0.183	0.181	0.183	0.158	0.080	0.146	0.288	0.158	0.154	0.155	0.166	0.129	0.156	0.169	0.079	0.278	0.186	0.148	0.138	0.122	0.134	0.124	0.128	0.130	0.221	0.123	0.088
51:59:43	25.4	0.234	0.147	0.149	0.152	0.155	0.313	0.140	0.078	0.143	0.184	0.181	0.153	0.186	0.153	0.176	0.177	0.295	0.158	0.159	0.163	0.165	0.183	0.181	0.183	0.158	0.079	0.145	0.288	0.157	0.153	0.154	0.166	0.129	0.153	0.168	0.079	0.276	0.186	0.148	0.137	0.119	0.134	0.124	0.128	0.130	0.221	0.120	0.088
52:14:43	25.4	0.234	0.146	0.150	0.152	0.156	0.311	0.138	0.078	0.144	0.184	0.180	0.152	0.186	0.153	0.177	0.178	0.294	0.160	0.160	0.162	0.163	0.184	0.181	0.183	0.157	0.079	0.145	0.289	0.157	0.153	0.154	0.165	0.129	0.153	0.168	0.079	0.276	0.186	0.148	0.137	0.122	0.132	0.123	0.130	0.130	0.222	0.120	0.088
52:29:43	25.4	0.235	0.146	0.148	0.151	0.157	0.313	0.140	0.078	0.142	0.184	0.181	0.153	0.186	0.154	0.175	0.176	0.294	0.159	0.160	0.162	0.164	0.184	0.180	0.183	0.157	0.079	0.145	0.288	0.158	0.154	0.154	0.165	0.128	0.156	0.168	0.079	0.275	0.186	0.148	0.138	0.119	0.133	0.123	0.127	0.130	0.217	0.120	0.089
52:44:43	25.4	0.234	0.145	0.149	0.151	0.156	0.312	0.139	0.078	0.141	0.184	0.180	0.152	0.186	0.153	0.176	0.176	0.292	0.159	0.159	0.162	0.163	0.183	0.180	0.183	0.156	0.079	0.146	0.285	0.157	0.153	0.154	0.165	0.130	0.152	0.167	0.079	0.276	0.185	0.148	0.136	0.121	0.133	0.122	0.126	0.130	0.218	0.121	0.089
52:59:43	25.4	0.232	0.146	0.148	0.151	0.154	0.313	0.138	0.078	0.141	0.185	0.180	0.152	0.186	0.153	0.176	0.176	0.291	0.158	0.158	0.162	0.166	0.187	0.180	0.182	0.156	0.080	0.146	0.286	0.157	0.153	0.154	0.165	0.128	0.152	0.168	0.079	0.276	0.186	0.148	0.137	0.118	0.132	0.122	0.126	0.130	0.216	0.121	0.089
53:14:43	25.4	0.232	0.147	0.148	0.151	0.155	0.310	0.138	0.078	0.141	0.184	0.180	0.151	0.186	0.155	0.175	0.176	0.292	0.158	0.160	0.162	0.166	0.183	0.180	0.182	0.156	0.080	0.145	0.285	0.156	0.153	0.154	0.164	0.128	0.152	0.168	0.079	0.274	0.185	0.147	0.136	0.117	0.132	0.122	0.128	0.128	0.218	0.120	0.090
53:29:43	25.4	0.232	0.146	0.148	0.150	0.154	0.310	0.137	0.078	0.142	0.183	0.180	0.152	0.186	0.153	0.176	0.175	0.290	0.158	0.160	0.162	0.162	0.183	0.180	0.182	0.155	0.079	0.146	0.287	0.156	0.153	0.155	0.164	0.130	0.151	0.168	0.079	0.277	0.186	0.146	0.137	0.116	0.132	0.122	0.127	0.128	0.214	0.123	0.090
53:44:43	25.4	0.231	0.146	0.149	0.151	0.157	0.310	0.138	0.078	0.141	0.183	0.179	0.152	0.186	0.153	0.176	0.176	0.289	0.158	0.164	0.161	0.162	0.183	0.180	0.182	0.155	0.079	0.144	0.287	0.157	0.153	0.154	0.165	0.128	0.153	0.168	0.079	0.274	0.186	0.147	0.136	0.116	0.131	0.121	0.126	0.129	0.213	0.120	0.090
53:59:43	25.3	0.234	0.145	0.148	0.150	0.156	0.311	0.138	0.078	0.141	0.183	0.180	0.151	0.186	0.153	0.175	0.175	0.290	0.159	0.160	0.161	0.163	0.183	0.180	0.182	0.155	0.079	0.145	0.287	0.157	0.152	0.152	0.164	0.128	0.152	0.167	0.079	0.276	0.185	0.147	0.137	0.117	0.131	0.120	0.125	0.127	0.214	0.120	0.090
54:14:43	25.4	0.230	0.145	0.148	0.149	0.154	0.308	0.138	0.078	0.141	0.182	0.179	0.150	0.185	0.154	0.176	0.176	0.291	0.158	0.162	0.161	0.164	0.183	0.180	0.182	0.154	0.080	0.145	0.287	0.156	0.152	0.154	0.164	0.128	0.151	0.168	0.079	0.274	0.185	0.147	0.136	0.116	0.130	0.121	0.125	0.127	0.213	0.122	0.090
54:29:43	25.4	0.229	0.146	0.148	0.150	0.153	0.309	0.137	0.078	0.141	0.183	0.179	0.150	0.186	0.154	0.175	0.176	0.288	0.158	0.160	0.161	0.170	0.183	0.180	0.183	0.154	0.080	0.146	0.285	0.156	0.152	0.153	0.164	0.127	0.151	0.168	0.079	0.276	0.185	0.147	0.136	0.116	0.130	0.119	0.125	0.128	0.210	0.121	0.090
54:44:43	25.4	0.228	0.146	0.149	0.150	0.159	0.312	0.137	0.078	0.141	0.183	0.180	0.150	0.185	0.153	0.175	0.177	0.289	0.157	0.160	0.161	0.163	0.182	0.180	0.184	0.155	0.080	0.145	0.286	0.155	0.152	0.154	0.163	0.127	0.151	0.167	0.079	0.275	0.185	0.147	0.135	0.116	0.130	0.120	0.126	0.128	0.209	0.121	0.091
54:59:43	25.4	0.232	0.145	0.149	0.149	0.154	0.308	0.137	0.078	0.140	0.183	0.180	0.150	0.186	0.154	0.175	0.175	0.288	0.157	0.159	0.160	0.163	0.182	0.179	0.182	0.155	0.079	0.144	0.286	0.156	0.152	0.152	0.163	0.127	0.149	0.168	0.079	0.275	0.185	0.146	0.138	0.116	0.130	0.120	0.124	0.127	0.211	0.118	0.091
55:14:43	25.4	0.229	0.146	0.148	0.149	0.153	0.308	0.137	0.078	0.141	0.183	0.179	0.150	0.185	0.152	0.174	0.176	0.287	0.157	0.160	0.162	0.162	0.183	0.179	0.181	0.154	0.079	0.144	0.286	0.156	0.152	0.153	0.164	0.132	0.154	0.167	0.079	0.275	0.185	0.146	0.135	0.115	0.129	0.118	0.124	0.127	0.210	0.118	0.091
55:29:43	25.4	0.227	0.145	0.148	0.149	0.153	0.307	0.136	0.078	0.140	0.182	0.179	0.149	0.185	0.153	0.176	0.177	0.287	0.156	0.162	0.161	0.164	0.183	0.180	0.181	0.153	0.079	0.144	0.285	0.156	0.153	0.152	0.163	0.127	0.149	0.167	0.079	0.277	0.185	0.147	0.135	0.114	0.129	0.119	0.126	0.127	0.207	0.117	0.091
55:44:43	25.4	0.227	0.145	0.148	0.149	0.153	0.311	0.137	0.078	0.141	0.182	0.179	0.149	0.186	0.152	0.173	0.177	0.285	0.157	0.160	0.161	0.163	0.182	0.179	0.181	0.153	0.080	0.144	0.287	0.155	0.152	0.152	0.163	0.127	0.149	0.167	0.079	0.275	0.185	0.147	0.138	0.114	0.128	0.118	0.124	0.127	0.207	0.117	0.091
55:59:43	25.3	0.230	0.145	0.149	0.148	0.153	0.306	0.136	0.078	0.139	0.183	0.179	0.149	0.185	0.154	0.175	0.177	0.284	0.157	0.158	0.163	0.165	0.182	0.179	0.181	0.153	0.080	0.144	0.285	0.155	0.152	0.152	0.162	0.126	0.148	0.167	0.079	0.274	0.184	0.147	0.134	0.116	0.128	0.118	0.124	0.125	0.202	0.119	0.091
56:14:43	25.3	0.227	0.145	0.148	0.148	0.152	0.308	0.136	0.077	0.139	0.183	0.179	0.151	0.185	0.154	0.174	0.176	0.284	0.156	0.159	0.162	0.165	0.183	0.179	0.181	0.152	0.080	0.144	0.286	0.155	0.151	0.153	0.162	0.127	0.149	0.167	0.079	0.275	0.185	0.146	0.133	0.115	0.125	0.118	0.124	0.127	0.205	0.117	0.091
56:29:43	25.3	0.225	0.145	0.148	0.148	0.154	0.308	0.135	0.078	0.139	0.182	0.178	0.148	0.185	0.154	0.175	0.175	0.283	0.156	0.158	0.163	0.167	0.182	0.179	0.181	0.152	0.080	0.143	0.286	0.155	0.152	0.152	0.163	0.128	0.149	0.167	0.079	0.273	0.184	0.146	0.137	0.115	0.125	0.118	0.125	0.125	0.204	0.119	0.092
56:44:43	25.3	0.227	0.144	0.147	0.148	0.153	0.307	0.135	0.078	0.138	0.183	0.178	0.148	0.185	0.154	0.174	0.174	0.283	0.156	0.160	0.163	0.167	0.184	0.179	0.180	0.152	0.079	0.143	0.285	0.154	0.151	0.152	0.162	0.126	0.150	0.167	0.079	0.272	0.184	0.146	0.136	0.111	0.125	0.117	0.122	0.126	0.202	0.116	0.091
56:59:43	25.3	0.222	0.144	0.147	0.148	0.151	0.306	0.135	0.077	0.138	0.183	0.178	0.149	0.185	0.154	0.174	0.176	0.282	0.156	0.160	0.164	0.168	0.184	0.179	0.181	0.152	0.079	0.144	0.285	0.155	0.151	0.152	0.162	0.126	0.148	0.165	0.079	0.274	0.183	0.147	0.136	0.111	0.126	0.117	0.123	0.125	0.202	0.116	0.091
57:14:43	25.3	0.224	0.145	0.148	0.147	0.155	0.308	0.136	0.078	0.138	0.182	0.178	0.148	0.184	0.154	0.175	0.175	0.282	0.155	0.158	0.165	0.168	0.185	0.178	0.180	0.152	0.079	0.143	0.286	0.156	0.152	0.151	0.162	0.126	0.149	0.167	0.079	0.274	0.184	0.146	0.132	0.110	0.125	0.116	0.124	0.125	0.200	0.116	0.091
57:29:43	25.3	0.226	0.145	0.147	0.148	0.153	0.305	0.136	0.078	0.139	0.182	0.177	0.149	0.185	0.153	0.174	0.177	0.281	0.156	0.160	0.166	0.169	0.186	0.179	0.180	0.152	0.080	0.143	0.287	0.158	0.152	0.151	0.162	0.126	0.148	0.167	0.079	0.275	0.183	0.146	0.136	0.109	0.125	0.116	0.123	0.125	0.199	0.118	0.091
57:44:43	25.3	0.225	0.144	0.147	0.147	0.152	0.305	0.135	0.078	0.137	0.183	0.177	0.148	0.185	0.154	0.173	0.175	0.281	0.155	0.160	0.166	0.170	0.188	0.178	0.180	0.151	0.080	0.143	0.285	0.154	0.150	0.152	0.161	0.126	0.148	0.166	0.079	0.272	0.184	0.146	0.136	0.108	0.127	0.116	0.121	0.124	0.199	0.115	0.090
57:59:43	25.3	0.222	0.144	0.148	0.147	0.171	0.304	0.135	0.078	0.138	0.183	0.177	0.152	0.184	0.154	0.174	0.175	0.280	0.154	0.158	0.167	0.172	0.188	0.178	0.181	0.151	0.079	0.143	0.284	0.154	0.151	0.151	0.161	0.125	0.148	0.166	0.079	0.275	0.184	0.146	0.136	0.108	0.124	0.116	0.121	0.123	0.200	0.115	0.090
58:14:43	25.3	0.224	0.143	0.147	0.147	0.160	0.305	0.135	0.078	0.139	0.181	0.177	0.159	0.184	0.155	0.173	0.175	0.280	0.155	0.158	0.171	0.171	0.189	0.178	0.180	0.151	0.079	0.143	0.284	0.154	0.151	0.150	0.161	0.125	0.149	0.165	0.079	0.273	0.183	0.146	0.131	0.108	0.125	0.115	0.121	0.123	0.197	0.115	0.090
58:29:43	25.3	0.224	0.144	0.148	0.147	0.151	0.303	0.135	0.078	0.138	0.182	0.177	0.147	0.185	0.154	0.173	0.176	0.279	0.155	0.160	0.168	0.171	0.188	0.178	0.180	0.151	0.080	0.143	0.286	0.154	0.152	0.150	0.160	0.125	0.147	0.166	0.079	0.275	0.184	0.146	0.133	0.107	0.124	0.116	0.120	0.123	0.197	0.114	0.090
58:44:43	25.4	0.222	0.143	0.147	0.147	0.151	0.303	0.135	0.078	0.137	0.183	0.177	0.149	0.185	0.155	0.174	0.177	0.278	0.155	0.159	0.169	0.172	0.190	0.178	0.180	0.150	0.079	0.142	0.284	0.153	0.151	0.151	0.161	0.125	0.147	0.166	0.079	0.272	0.184	0.146	0.135	0.107	0.125	0.114	0.121	0.123	0.192	0.116	0.091
58:59:43	25.4	0.221	0.143	0.147	0.146	0.152	0.304	0.136	0.078	0.136	0.183	0.177	0.146	0.184	0.154	0.174	0.175	0.278	0.154	0.160	0.168	0.174	0.191	0.179	0.180	0.151	0.080	0.143	0.285	0.155	0.151	0.151	0.160	0.125	0.146	0.166	0.079	0.273	0.184	0.146	0.132	0.106	0.124	0.114	0.121	0.122	0.188	0.113	0.090
59:14:43	25.4	0.221	0.144	0.147	0.146	0.151	0.303	0.134	0.078	0.136	0.182	0.177	0.146	0.184	0.155	0.174	0.175	0.278	0.154	0.159	0.169	0.172	0.190	0.178	0.179	0.150	0.080	0.143	0.284	0.154	0.150	0.152	0.161	0.125	0.146	0.165	0.079	0.271	0.183	0.146	0.131	0.108	0.123	0.112	0.122	0.121	0.195	0.113	0.089
59:29:43	25.4	0.220	0.143	0.147	0.146	0.151	0.301	0.134	0.077	0.136	0.182	0.177	0.146	0.184	0.154	0.174	0.176	0.276	0.154	0.159	0.168	0.173	0.191	0.178	0.179	0.148	0.079	0.142	0.283	0.154	0.151	0.150	0.160	0.125	0.149	0.165	0.079	0.272	0.183	0.146	0.131	0.105	0.123	0.115	0.119	0.123	0.192	0.113	0.090
59:44:43	25.4	0.219	0.143	0.147	0.146	0.151	0.302	0.134	0.078	0.137	0.183	0.177	0.146	0.186	0.154	0.173	0.175	0.275	0.154	0.159	0.169	0.176	0.190	0.178	0.179	0.149	0.080	0.144	0.284	0.154	0.151	0.150	0.159	0.125	0.146	0.164	0.079	0.272	0.183	0.146	0.130	0.106	0.122	0.113	0.120	0.123	0.189	0.115	0.090
59:59:43	25.4	0.219	0.142	0.147	0.146	0.151	0.302	0.134	0.077	0.137	0.183	0.176	0.146	0.184	0.154	0.173	0.174	0.275	0.153	0.159	0.169	0.176	0.190	0.178	0.179	0.149	0.080	0.142	0.283	0.154	0.150	0.152	0.160	0.124	0.146	0.165	0.079	0.273	0.183	0.146	0.133	0.106	0.122	0.113	0.122	0.123	0.188	0.111	0.090
60:14:43	25.4	0.219	0.143	0.147	0.146	0.154	0.302	0.134	0.078	0.136	0.181	0.177	0.146	0.184	0.154	0.172	0.175	0.275	0.153	0.159	0.168	0.174	0.189	0.178	0.179	0.149	0.080	0.143	0.283	0.152	0.150	0.150	0.159	0.124	0.149	0.165	0.079	0.272	0.182	0.146	0.133	0.104	0.121	0.113	0.120	0.121	0.190	0.111	0.089
60:29:43	25.4	0.219	0.142	0.147	0.146	0.151	0.301	0.134	0.078	0.135	0.182	0.177	0.146	0.184	0.153	0.173	0.176	0.273	0.153	0.159	0.169	0.173	0.188	0.178	0.179	0.147	0.079	0.143	0.282	0.153	0.151	0.150	0.159	0.124	0.148	0.165	0.079	0.272	0.183	0.145	0.130	0.102	0.121	0.113	0.121	0.122	0.190	0.112	0.089
60:44:43	25.4	0.219	0.143	0.146	0.145	0.150	0.300	0.134	0.077	0.135	0.182	0.176	0.146	0.184	0.153	0.173	0.176	0.272	0.152	0.160	0.173	0.173	0.188	0.177	0.179	0.148	0.079	0.142	0.282	0.154	0.151	0.150	0.159	0.123	0.145	0.164	0.079	0.273	0.182	0.145	0.133	0.103	0.121	0.112	0.121	0.121	0.188	0.113	0.088
60:59:43	25.4	0.218	0.142	0.146	0.145	0.150	0.301	0.134	0.078	0.135	0.182	0.176	0.145	0.184	0.155	0.172	0.176	0.272	0.153	0.160	0.167	0.173	0.188	0.177	0.179	0.148	0.080	0.142	0.283	0.152	0.150	0.149	0.159	0.123	0.145	0.165	0.079	0.274	0.182	0.144	0.129	0.102	0.121	0.111	0.126	0.121	0.187	0.110	0.088
61:14:43	25.4	0.214	0.143	0.148	0.145	0.150	0.300	0.134	0.078	0.135	0.181	0.176	0.156	0.184	0.154	0.173	0.174	0.273	0.153	0.159	0.167	0.173	0.186	0.178	0.178	0.147	0.080	0.143	0.281	0.152	0.150	0.150	0.159	0.123	0.145	0.164	0.079	0.270	0.182	0.145	0.133	0.102	0.124	0.112	0.119	0.121	0.182	0.111	0.088
61:29:43	25.4	0.215	0.142	0.147	0.145	0.151	0.300	0.133	0.077	0.135	0.182	0.176	0.145	0.184	0.154	0.174	0.175	0.271	0.153	0.159	0.167	0.174	0.185	0.177	0.179	0.146	0.080	0.142	0.280	0.156	0.150	0.150	0.158	0.123	0.145	0.164	0.079	0.271	0.182	0.145	0.128	0.102	0.123	0.112	0.119	0.121	0.185	0.112	0.088
61:44:43	25.4	0.217	0.141	0.148	0.145	0.150	0.299	0.134	0.078	0.136	0.182	0.176	0.146	0.184	0.155	0.172	0.175	0.270	0.152	0.159	0.167	0.172	0.184	0.177	0.178	0.147	0.080	0.141	0.281	0.153	0.151	0.149	0.158	0.122	0.145	0.164	0.079	0.270	0.182	0.144	0.132	0.101	0.123	0.111	0.120	0.120	0.184	0.111	0.088
61:59:43	25.4	0.212	0.142	0.147	0.145	0.150	0.300	0.133	0.077	0.134	0.182	0.175	0.148	0.183	0.153	0.173	0.174	0.270	0.153	0.159	0.167	0.175	0.185	0.177	0.178	0.147	0.079	0.142	0.281	0.152	0.150	0.149	0.158	0.123	0.145	0.163	0.079	0.270	0.182	0.145	0.132	0.101	0.119	0.111	0.119	0.120	0.178	0.108	0.088
62:14:43	25.4	0.215	0.143	0.146	0.144	0.152	0.301	0.133	0.078	0.135	0.181	0.175	0.145	0.184	0.154	0.173	0.174	0.269	0.152	0.160	0.166	0.174	0.184	0.178	0.178	0.146	0.080	0.142	0.282	0.152	0.150	0.148	0.157	0.122	0.145	0.163	0.079	0.269	0.181	0.143	0.128	0.100	0.118	0.110	0.119	0.120	0.182	0.110	0.088
62:29:43	25.3	0.212	0.142	0.146	0.144	0.150	0.299	0.133	0.078	0.135	0.182	0.176	0.145	0.184	0.153	0.173	0.174	0.268	0.152	0.159	0.166	0.174	0.182	0.177	0.178	0.146	0.079	0.142	0.282	0.152	0.150	0.149	0.158	0.123	0.145	0.163	0.079	0.267	0.182	0.145	0.129	0.100	0.117	0.111	0.119	0.119	0.183	0.109	0.088
62:44:43	25.4	0.215	0.141	0.148	0.144	0.149	0.299	0.133	0.077	0.133	0.181	0.175	0.144	0.183	0.154	0.171	0.174	0.266	0.152	0.158	0.166	0.173	0.182	0.177	0.178	0.146	0.079	0.142	0.280	0.154	0.149	0.148	0.157	0.122	0.144	0.163	0.079	0.269	0.181	0.144	0.128	0.100	0.118	0.110	0.117	0.119	0.181	0.108	0.088
62:59:43	25.4	0.215	0.142	0.146	0.144	0.151	0.298	0.133	0.078	0.134	0.180	0.175	0.144	0.183	0.153	0.172	0.174	0.267	0.152	0.158	0.165	0.175	0.182	0.177	0.177	0.146	0.079	0.141	0.282	0.151	0.150	0.148	0.158	0.122	0.144	0.163	0.079	0.268	0.181	0.144	0.131	0.098	0.117	0.110	0.117	0.119	0.180	0.110	0.087
63:14:43	25.4	0.211	0.141	0.148	0.144	0.149	0.299	0.134	0.078	0.135	0.181	0.174	0.145	0.183	0.155	0.172	0.175	0.266	0.151	0.159	0.165	0.174	0.181	0.177	0.177	0.146	0.079	0.141	0.280	0.152	0.150	0.150	0.157	0.122	0.143	0.162	0.079	0.268	0.181	0.144	0.131	0.100	0.118	0.110	0.116	0.117	0.178	0.109	0.087
63:29:43	25.4	0.213	0.141	0.146	0.144	0.149	0.297	0.132	0.078	0.133	0.181	0.175	0.144	0.184	0.155	0.172	0.174	0.267	0.152	0.159	0.164	0.172	0.182	0.177	0.178	0.145	0.079	0.141	0.280	0.151	0.149	0.149	0.158	0.121	0.144	0.163	0.079	0.268	0.181	0.143	0.129	0.098	0.117	0.110	0.117	0.118	0.178	0.107	0.087
63:44:43	25.4	0.213	0.141	0.147	0.143	0.148	0.298	0.132	0.077	0.132	0.180	0.175	0.144	0.182	0.154	0.172	0.173	0.264	0.151	0.157	0.163	0.172	0.181	0.177	0.177	0.145	0.079	0.141	0.280	0.151	0.149	0.149	0.157	0.122	0.144	0.163	0.079	0.270	0.181	0.143	0.131	0.100	0.116	0.109	0.116	0.118	0.176	0.108	0.087
63:59:43	25.4	0.212	0.141	0.146	0.143	0.149	0.297	0.132	0.077	0.132	0.180	0.175	0.144	0.183	0.153	0.171	0.176	0.264	0.151	0.157	0.161	0.172	0.182	0.177	0.177	0.145	0.080	0.141	0.280	0.151	0.150	0.148	0.157	0.121	0.149	0.164	0.079	0.266	0.181	0.144	0.130	0.098	0.115	0.109	0.118	0.118	0.176	0.108	0.087
64:14:43	25.4	0.209	0.143	0.146	0.143	0.148	0.296	0.132	0.077	0.132	0.182	0.174	0.144	0.183	0.153	0.171	0.173	0.264	0.151	0.159	0.159	0.173	0.181	0.177	0.178	0.145	0.080	0.141	0.279	0.152	0.150	0.148	0.157	0.121	0.143	0.162	0.079	0.270	0.181	0.143	0.127	0.096	0.115	0.108	0.119	0.119	0.169	0.108	0.088
64:29:43	25.4	0.208	0.142	0.146	0.143	0.149	0.297	0.132	0.078	0.132	0.180	0.174	0.145	0.183	0.153	0.172	0.173	0.262	0.150	0.157	0.156	0.169	0.181	0.176	0.177	0.147	0.079	0.140	0.279	0.151	0.150	0.148	0.156	0.120	0.143	0.162	0.079	0.268	0.181	0.143	0.126	0.096	0.116	0.108	0.116	0.117	0.174	0.108	0.087
64:44:43	25.4	0.209	0.141	0.146	0.143	0.149	0.297	0.132	0.077	0.133	0.182	0.174	0.143	0.183	0.153	0.172	0.174	0.262	0.151	0.158	0.156	0.167	0.181	0.176	0.177	0.144	0.080	0.140	0.279	0.151	0.150	0.147	0.156	0.121	0.142	0.163	0.079	0.270	0.181	0.143	0.126	0.096	0.115	0.108	0.115	0.117	0.173	0.107	0.087
64:59:43	25.4	0.208	0.141	0.145	0.143	0.147	0.295	0.132	0.077	0.133	0.180	0.174	0.143	0.182	0.153	0.172	0.175	0.262	0.152	0.156	0.153	0.166	0.180	0.176	0.177	0.144	0.079	0.141	0.280	0.151	0.148	0.148	0.156	0.120	0.143	0.162	0.079	0.267	0.181	0.143	0.127	0.096	0.120	0.107	0.116	0.116	0.172	0.107	0.087
65:14:43	25.4	0.209	0.141	0.146	0.143	0.147	0.296	0.131	0.077	0.134	0.181	0.173	0.143	0.183	0.152	0.171	0.172	0.261	0.151	0.158	0.152	0.165	0.181	0.176	0.177	0.144	0.079	0.141	0.280	0.151	0.149	0.149	0.156	0.120	0.142	0.162	0.079	0.267	0.181	0.143	0.130	0.096	0.114	0.108	0.115	0.117	0.165	0.107	0.087
65:29:43	25.4	0.209	0.141	0.146	0.143	0.148	0.295	0.132	0.077	0.133	0.181	0.174	0.143	0.183	0.153	0.170	0.172	0.260	0.150	0.158	0.152	0.161	0.181	0.176	0.176	0.143	0.079	0.141	0.280	0.151	0.149	0.146	0.156	0.121	0.142	0.163	0.079	0.266	0.181	0.142	0.127	0.094	0.113	0.107	0.116	0.118	0.170	0.106	0.087
65:44:43	25.4	0.209	0.141	0.145	0.142	0.148	0.297	0.131	0.077	0.131	0.181	0.173	0.143	0.182	0.153	0.172	0.173	0.260	0.150	0.156	0.152	0.160	0.181	0.175	0.177	0.145	0.079	0.140	0.278	0.150	0.149	0.148	0.154	0.120	0.142	0.163	0.079	0.267	0.181	0.143	0.128	0.094	0.113	0.106	0.118	0.118	0.169	0.103	0.087
65:59:43	25.4	0.205	0.140	0.146	0.142	0.159	0.295	0.130	0.077	0.131	0.181	0.173	0.142	0.183	0.152	0.171	0.172	0.258	0.150	0.157	0.152	0.158	0.180	0.176	0.177	0.143	0.079	0.140	0.278	0.150	0.149	0.148	0.155	0.121	0.143	0.162	0.079	0.266	0.180	0.144	0.128	0.094	0.113	0.106	0.115	0.117	0.169	0.106	0.086
66:14:43	25.4	0.205	0.141	0.146	0.142	0.154	0.295	0.131	0.077	0.130	0.180	0.173	0.144	0.182	0.153	0.171	0.174	0.258	0.149	0.157	0.152	0.157	0.181	0.176	0.176	0.143	0.080	0.140	0.278	0.150	0.149	0.147	0.155	0.119	0.142	0.163	0.079	0.267	0.180	0.142	0.128	0.094	0.112	0.106	0.115	0.117	0.159	0.106	0.085
66:29:43	25.4	0.206	0.141	0.146	0.142	0.148	0.295	0.131	0.077	0.131	0.181	0.173	0.142	0.182	0.151	0.171	0.176	0.257	0.150	0.159	0.151	0.156	0.181	0.176	0.176	0.143	0.080	0.140	0.278	0.150	0.149	0.147	0.155	0.120	0.144	0.162	0.079	0.265	0.180	0.143	0.128	0.094	0.111	0.106	0.117	0.114	0.167	0.105	0.084
66:44:43	25.4	0.203	0.139	0.146	0.142	0.148	0.293	0.131	0.077	0.132	0.180	0.173	0.160	0.182	0.153	0.171	0.174	0.257	0.150	0.160	0.152	0.157	0.181	0.175	0.176	0.142	0.080	0.140	0.277	0.151	0.149	0.146	0.155	0.119	0.142	0.161	0.079	0.267	0.180	0.142	0.127	0.093	0.112	0.106	0.113	0.116	0.167	0.105	0.083
66:59:43	25.4	0.203	0.140	0.145	0.142	0.147	0.295	0.131	0.078	0.130	0.180	0.173	0.142	0.182	0.153	0.170	0.174	0.256	0.149	0.159	0.157	0.164	0.181	0.175	0.180	0.142	0.079	0.140	0.277	0.150	0.149	0.146	0.155	0.119	0.143	0.161	0.079	0.266	0.180	0.143	0.124	0.092	0.111	0.105	0.115	0.114	0.165	0.104	0.081
67:14:43	25.4	0.206	0.140	0.145	0.142	0.147	0.294	0.131	0.077	0.129	0.179	0.173	0.142	0.182	0.153	0.171	0.175	0.255	0.150	0.159	0.151	0.156	0.181	0.175	0.176	0.142	0.079	0.140	0.279	0.150	0.148	0.147	0.155	0.119	0.142	0.161	0.079	0.267	0.180	0.143	0.126	0.092	0.111	0.104	0.115	0.115	0.164	0.104	0.080
67:29:43	25.4	0.202	0.140	0.145	0.142	0.152	0.293	0.130	0.077	0.131	0.181	0.172	0.142	0.182	0.151	0.170	0.175	0.255	0.149	0.158	0.151	0.158	0.180	0.175	0.175	0.141	0.080	0.139	0.277	0.150	0.148	0.147	0.155	0.119	0.143	0.161	0.079	0.265	0.180	0.142	0.125	0.093	0.111	0.105	0.115	0.116	0.157	0.105	0.080
67:44:43	25.4	0.203	0.140	0.145	0.141	0.149	0.295	0.130	0.077	0.129	0.180	0.173	0.142	0.182	0.152	0.170	0.173	0.254	0.149	0.159	0.151	0.156	0.181	0.175	0.176	0.142	0.080	0.140	0.278	0.149	0.148	0.147	0.155	0.118	0.142	0.161	0.079	0.266	0.180	0.142	0.127	0.091	0.110	0.104	0.114	0.114	0.163	0.104	0.080
67:59:43	25.5	0.203	0.140	0.145	0.141	0.147	0.293	0.130	0.077	0.129	0.181	0.172	0.143	0.182	0.151	0.170	0.172	0.254	0.149	0.158	0.151	0.157	0.180	0.175	0.175	0.143	0.079	0.140	0.277	0.149	0.148	0.146	0.154	0.118	0.142	0.161	0.079	0.265	0.180	0.143	0.126	0.092	0.109	0.104	0.114	0.115	0.161	0.102	0.079
68:14:43	25.5	0.202	0.140	0.145	0.141	0.147	0.292	0.130	0.077	0.128	0.180	0.172	0.142	0.182	0.150	0.169	0.172	0.253	0.149	0.158	0.151	0.156	0.180	0.174	0.176	0.140	0.079	0.140	0.277	0.150	0.148	0.147	0.154	0.117	0.142	0.161	0.079	0.260	0.180	0.143	0.123	0.092	0.109	0.104	0.115	0.115	0.158	0.100	0.080
68:29:43	25.5	0.199	0.139	0.145	0.141	0.146	0.294	0.129	0.077	0.130	0.182	0.172	0.142	0.182	0.151	0.169	0.174	0.252	0.149	0.159	0.150	0.156	0.180	0.174	0.175	0.141	0.080	0.139	0.278	0.149	0.148	0.148	0.154	0.118	0.142	0.161	0.079	0.263	0.180	0.142	0.124	0.093	0.108	0.103	0.115	0.114	0.159	0.103	0.080
68:44:43	25.5	0.202	0.139	0.146	0.141	0.148	0.292	0.129	0.077	0.128	0.180	0.172	0.142	0.181	0.153	0.169	0.174	0.252	0.149	0.158	0.151	0.157	0.182	0.174	0.174	0.142	0.079	0.139	0.275	0.149	0.148	0.145	0.154	0.117	0.141	0.160	0.079	0.266	0.180	0.141	0.124	0.092	0.108	0.103	0.114	0.113	0.159	0.103	0.081
68:59:43	25.5	0.198	0.139	0.145	0.141	0.147	0.292	0.130	0.077	0.128	0.180	0.172	0.143	0.182	0.151	0.170	0.171	0.252	0.149	0.158	0.151	0.156	0.181	0.174	0.174	0.140	0.079	0.139	0.276	0.149	0.149	0.145	0.154	0.118	0.142	0.161	0.079	0.266	0.179	0.142	0.123	0.091	0.109	0.103	0.114	0.114	0.150	0.103	0.082
69:14:43	25.5	0.198	0.139	0.145	0.141	0.146	0.292	0.131	0.077	0.127	0.182	0.172	0.141	0.183	0.150	0.170	0.174	0.250	0.149	0.158	0.152	0.158	0.180	0.174	0.174	0.138	0.079	0.138	0.277	0.149	0.148	0.145	0.153	0.117	0.142	0.160	0.079	0.264	0.179	0.142	0.125	0.092	0.108	0.102	0.111	0.115	0.158	0.102	0.080
69:29:43	25.5	0.197	0.138	0.144	0.140	0.146	0.291	0.130	0.077	0.128	0.183	0.172	0.142	0.181	0.151	0.169	0.172	0.251	0.148	0.158	0.151	0.156	0.181	0.174	0.175	0.139	0.079	0.139	0.275	0.149	0.148	0.147	0.153	0.118	0.141	0.161	0.079	0.264	0.182	0.142	0.122	0.091	0.107	0.102	0.112	0.112	0.157	0.100	0.080
69:44:43	25.5	0.198	0.139	0.144	0.141	0.146	0.291	0.129	0.077	0.128	0.180	0.172	0.142	0.182	0.151	0.169	0.171	0.249	0.148	0.158	0.151	0.156	0.180	0.174	0.175	0.140	0.080	0.139	0.278	0.148	0.148	0.144	0.153	0.117	0.142	0.160	0.079	0.265	0.179	0.142	0.125	0.091	0.107	0.102	0.113	0.114	0.155	0.100	0.079
69:59:43	25.5	0.196	0.138	0.145	0.141	0.145	0.291	0.129	0.077	0.127	0.181	0.172	0.141	0.182	0.149	0.169	0.171	0.247	0.148	0.158	0.150	0.156	0.181	0.174	0.174	0.139	0.079	0.139	0.276	0.148	0.147	0.145	0.153	0.117	0.141	0.160	0.079	0.263	0.179	0.142	0.123	0.090	0.105	0.102	0.112	0.114	0.154	0.102	0.079
70:14:43	25.5	0.197	0.139	0.146	0.140	0.147	0.290	0.129	0.077	0.127	0.181	0.171	0.141	0.181	0.151	0.170	0.172	0.248	0.147	0.158	0.151	0.155	0.181	0.174	0.174	0.139	0.080	0.139	0.276	0.149	0.148	0.145	0.153	0.116	0.141	0.160	0.079	0.265	0.179	0.141	0.122	0.090	0.105	0.102	0.113	0.111	0.153	0.101	0.084
70:29:43	25.5	0.195	0.138	0.146	0.140	0.145	0.294	0.129	0.077	0.126	0.180	0.171	0.142	0.182	0.150	0.169	0.173	0.248	0.148	0.157	0.151	0.155	0.181	0.174	0.174	0.138	0.080	0.140	0.275	0.148	0.147	0.146	0.153	0.116	0.140	0.161	0.079	0.262	0.179	0.141	0.122	0.090	0.106	0.101	0.114	0.113	0.154	0.099	0.084
70:44:43	25.5	0.196	0.138	0.144	0.140	0.149	0.291	0.129	0.077	0.128	0.181	0.171	0.141	0.181	0.150	0.169	0.173	0.246	0.147	0.158	0.151	0.155	0.181	0.174	0.174	0.139	0.079	0.138	0.276	0.148	0.147	0.145	0.152	0.116	0.141	0.159	0.079	0.264	0.181	0.141	0.122	0.090	0.104	0.101	0.111	0.111	0.154	0.097	0.084
70:59:43	25.5	0.196	0.138	0.144	0.140	0.147	0.290	0.129	0.077	0.127	0.180	0.171	0.143	0.181	0.151	0.169	0.172	0.246	0.149	0.158	0.152	0.154	0.180	0.173	0.174	0.138	0.079	0.139	0.276	0.148	0.147	0.145	0.153	0.116	0.141	0.160	0.079	0.264	0.179	0.141	0.124	0.089	0.109	0.100	0.111	0.111	0.153	0.096	0.083
71:14:43	25.5	0.193	0.138	0.145	0.140	0.146	0.290	0.128	0.077	0.130	0.180	0.171	0.142	0.182	0.150	0.168	0.171	0.246	0.148	0.157	0.150	0.156	0.180	0.173	0.174	0.138	0.080	0.139	0.275	0.149	0.147	0.145	0.152	0.116	0.141	0.161	0.079	0.263	0.179	0.142	0.123	0.091	0.105	0.100	0.113	0.111	0.150	0.100	0.084
71:29:43	25.5	0.194	0.138	0.144	0.140	0.145	0.289	0.129	0.077	0.126	0.180	0.171	0.141	0.181	0.150	0.169	0.172	0.245	0.148	0.157	0.150	0.156	0.180	0.173	0.173	0.138	0.079	0.138	0.276	0.148	0.147	0.144	0.152	0.115	0.142	0.160	0.079	0.263	0.179	0.141	0.122	0.089	0.105	0.100	0.109	0.111	0.141	0.100	0.085
71:44:43	25.5	0.191	0.138	0.145	0.139	0.146	0.289	0.129	0.077	0.127	0.181	0.170	0.141	0.181	0.151	0.167	0.172	0.245	0.147	0.158	0.150	0.154	0.180	0.173	0.173	0.137	0.079	0.138	0.274	0.149	0.147	0.146	0.152	0.115	0.141	0.159	0.079	0.264	0.179	0.141	0.121	0.090	0.102	0.099	0.111	0.110	0.148	0.100	0.087
71:59:43	25.5	0.194	0.137	0.145	0.139	0.145	0.289	0.128	0.077	0.126	0.180	0.171	0.143	0.181	0.150	0.168	0.171	0.244	0.147	0.157	0.152	0.154	0.180	0.173	0.173	0.137	0.080	0.138	0.276	0.148	0.147	0.145	0.152	0.116	0.141	0.160	0.079	0.261	0.178	0.141	0.121	0.089	0.104	0.099	0.111	0.110	0.147	0.099	0.086
72:14:43	25.5	0.190	0.137	0.145	0.139	0.145	0.288	0.128	0.077	0.126	0.181	0.171	0.142	0.181	0.149	0.168	0.172	0.243	0.147	0.158	0.150	0.155	0.180	0.172	0.174	0.136	0.079	0.139	0.274	0.147	0.147	0.145	0.152	0.115	0.141	0.159	0.079	0.263	0.179	0.142	0.123	0.089	0.103	0.099	0.109	0.110	0.145	0.100	0.085

Results
	1	2	3	4	5	6	7	8
A	0.680	1.387	0.773	1.107	1.753	1.133	0.427	-0.047	Max V [600]
	1.000	1.000	1.000	1.000	1.000	1.000	1.000	1.000	R-Squared [600]
	6:37:13	4:37:13	20:37:13	1:22:13	3:52:13	4:37:13	9:22:13	70:37:13	t at Max V [600]
	3:54:08	3:33:54	19:02:57	0:59:21	3:08:13	2:50:01	6:45:11	70:14:43	Lagtime [600]
B	1.147	0.420	1.433	2.973	0.900	0.580	1.573	1.607	Max V [600]
	1.000	1.000	1.000	1.000	1.000	1.000	1.000	1.000	R-Squared [600]
	4:37:13	2:22:13	4:37:13	10:37:13	3:07:13	0:52:13	4:52:13	5:37:13	t at Max V [600]
	3:18:12	1:02:06	3:57:08	10:00:46	1:47:03	0:39:53	3:51:27	5:17:31	Lagtime [600]
C	0.927	1.220	1.227	3.500	1.440	0.373	2.473	1.073	Max V [600]
	1.000	1.000	1.000	1.000	1.000	1.000	1.000	1.000	R-Squared [600]
	4:07:13	3:52:13	1:37:13	9:07:13	29:22:13	3:07:13	4:52:13	3:52:13	t at Max V [600]
	2:30:09	2:34:18	1:24:59	8:51:58	28:14:31	1:01:19	4:16:35	2:09:08	Lagtime [600]
D	3.040	-0.053	0.560	0.620	1.260	0.520	1.187	1.633	Max V [600]
	1.000	1.000	1.000	1.000	1.000	1.000	1.000	1.000	R-Squared [600]
	4:37:13	4:22:13	7:22:13	5:52:13	4:37:13	1:07:13	4:52:13	5:37:13	t at Max V [600]
	4:32:05	4:27:51	5:49:11	3:17:57	3:21:09	0:46:27	3:23:14	4:43:19	Lagtime [600]
E	-0.907	3.147	2.920	0.033	0.740	0.840	0.793	1.353	Max V [600]
	1.000	1.000	1.000	1.000	1.000	1.000	1.000	1.000	R-Squared [600]
	10:52:13	10:22:13	5:22:13	59:37:13	3:52:13	3:07:13	0:37:13	4:52:13	t at Max V [600]
	12:29:43	9:45:31	4:51:59	59:41:43	2:55:40	1:43:24	0:26:49	3:43:10	Lagtime [600]
F	1.720	-4.440	1.047	1.093	1.093	1.180	0.367	7.900	Max V [600]
	1.000	1.000	1.000	1.000	1.000	1.000	1.000	1.000	R-Squared [600]
	5:07:13	27:22:13	4:52:13	4:52:13	4:37:13	4:37:13	9:22:13	2:52:13	t at Max V [600]
	4:23:33	27:42:01	2:53:19	3:30:27	3:05:40	2:58:42	6:28:05	2:47:51	Lagtime [600]

