

Software Version	2.01.14



Experiment File Path:	C:\Users\Public\Documents\Experiments\Venus_96wellgrowthcurve_170301_140038.xpt
Protocol File Path:	C:\Users\Public\Documents\Protocols\96wellgrowthcurve.prt



Plate Number	Plate 1
Date	3/1/2017
Time	2:00:38 PM
Reader Type:	Synergy Mx
Reader Serial Number:	219512
Reading Type	Reader

Procedure Details

Plate Type	48 WELL PLATE
Set Temperature	Setpoint 25°C
	Preheat before moving to next step
Shake	Medium, 0:10 (MM:SS)
Read	Absorbance Endpoint
	Full Plate
	Wavelengths:  600
	Read Speed: Normal,  Delay: 100 msec,  Measurements/Data Point: 8
Start Kinetic	Runtime 120:00:00 (HH:MM:SS), Interval 0:30:00, 241 Reads
    Shake	Slow, Continuous
    Read	Absorbance Endpoint
	Full Plate
	Wavelengths:  600
	Read Speed: Normal,  Delay: 100 msec,  Measurements/Data Point: 8
End Kinetic	

Layout
	1	2	3	4	5	6	7	8
A	SPL1	SPL9	SPL17	SPL25	SPL33	SPL41	SPL49	SPL57	Well ID
B	SPL2	SPL10	SPL18	SPL26	SPL34	SPL42	SPL50	SPL58	Well ID
C	SPL3	SPL11	SPL19	SPL27	SPL35	SPL43	SPL51	SPL59	Well ID
D	SPL4	SPL12	SPL20	SPL28	SPL36	SPL44	SPL52	SPL60	Well ID
E	SPL5	SPL13	SPL21	SPL29	SPL37	SPL45	SPL53	SPL61	Well ID
F	SPL6	SPL14	SPL22	SPL30	SPL38	SPL46	SPL54	SPL62	Well ID



Actual Temperature:	22.6

Results
	1	2	3	4	5	6	7	8
A	0.037	0.035	0.035	0.036	0.036	0.037	0.036	0.036	Read 1:600
B	0.038	0.038	0.038	0.037	0.039	0.038	0.136	0.035	Read 1:600
C	0.036	0.059	0.060	0.059	0.061	0.038	0.110	0.035	Read 1:600
D	0.036	0.072	0.061	0.100	0.068	0.039	0.088	0.037	Read 1:600
E	0.036	0.117	0.069	0.084	0.103	0.039	0.087	0.038	Read 1:600
F	0.038	0.037	0.038	0.037	0.036	0.036	0.036	0.038	Read 1:600

Read 2:600

Time	T° Read 2:600	A1	A2	A3	A4	A5	A6	A7	A8	B1	B2	B3	B4	B5	B6	B7	B8	C1	C2	C3	C4	C5	C6	C7	C8	D1	D2	D3	D4	D5	D6	D7	D8	E1	E2	E3	E4	E5	E6	E7	E8	F1	F2	F3	F4	F5	F6	F7	F8
0:29:43	25.0	0.036	0.035	0.035	0.036	0.036	0.037	0.036	0.037	0.038	0.039	0.038	0.037	0.040	0.038	0.087	0.035	0.037	0.059	0.060	0.061	0.062	0.038	0.088	0.036	0.036	0.061	0.058	0.083	0.062	0.039	0.081	0.038	0.036	0.091	0.063	0.068	0.058	0.039	0.090	0.038	0.038	0.037	0.038	0.037	0.036	0.036	0.036	0.038
0:59:43	25.0	0.036	0.035	0.035	0.036	0.036	0.037	0.036	0.037	0.038	0.039	0.039	0.037	0.040	0.038	0.087	0.035	0.036	0.059	0.061	0.062	0.063	0.038	0.083	0.035	0.036	0.061	0.058	0.083	0.063	0.039	0.079	0.038	0.036	0.052	0.052	0.063	0.048	0.039	0.090	0.038	0.038	0.037	0.038	0.036	0.036	0.036	0.037	0.038
1:29:43	25.0	0.035	0.035	0.035	0.036	0.036	0.037	0.036	0.037	0.038	0.039	0.039	0.037	0.040	0.038	0.087	0.035	0.036	0.059	0.062	0.062	0.064	0.038	0.083	0.036	0.036	0.061	0.058	0.083	0.063	0.039	0.079	0.038	0.036	0.050	0.052	0.061	0.048	0.039	0.090	0.038	0.038	0.037	0.038	0.036	0.036	0.036	0.038	0.038
1:59:43	25.0	0.036	0.035	0.035	0.036	0.036	0.037	0.036	0.037	0.038	0.039	0.039	0.038	0.040	0.038	0.087	0.035	0.036	0.059	0.062	0.062	0.064	0.038	0.083	0.036	0.036	0.061	0.058	0.083	0.063	0.039	0.079	0.038	0.036	0.050	0.052	0.061	0.048	0.039	0.090	0.038	0.038	0.037	0.038	0.036	0.036	0.036	0.039	0.038
2:29:43	25.0	0.036	0.035	0.035	0.036	0.037	0.037	0.036	0.037	0.038	0.039	0.039	0.037	0.040	0.038	0.087	0.035	0.036	0.059	0.062	0.063	0.064	0.038	0.083	0.036	0.036	0.062	0.058	0.084	0.063	0.039	0.079	0.038	0.036	0.050	0.052	0.061	0.049	0.039	0.090	0.038	0.038	0.037	0.038	0.036	0.036	0.036	0.039	0.038
2:59:43	25.0	0.035	0.035	0.035	0.036	0.036	0.037	0.036	0.037	0.038	0.038	0.038	0.037	0.040	0.038	0.087	0.034	0.036	0.059	0.062	0.063	0.064	0.038	0.084	0.035	0.036	0.062	0.059	0.084	0.063	0.039	0.079	0.037	0.036	0.051	0.053	0.061	0.049	0.039	0.090	0.038	0.038	0.037	0.038	0.036	0.036	0.036	0.038	0.038
3:29:43	25.0	0.036	0.035	0.035	0.036	0.036	0.037	0.036	0.037	0.038	0.039	0.038	0.037	0.040	0.038	0.088	0.034	0.036	0.059	0.063	0.063	0.064	0.038	0.084	0.035	0.036	0.062	0.059	0.085	0.064	0.039	0.080	0.037	0.036	0.052	0.053	0.061	0.050	0.039	0.091	0.038	0.038	0.037	0.038	0.036	0.036	0.036	0.038	0.038
3:59:43	25.0	0.036	0.035	0.035	0.036	0.036	0.037	0.036	0.037	0.038	0.039	0.038	0.038	0.040	0.038	0.089	0.035	0.036	0.059	0.063	0.063	0.064	0.038	0.085	0.036	0.036	0.063	0.060	0.087	0.065	0.039	0.080	0.038	0.036	0.053	0.055	0.062	0.052	0.039	0.091	0.038	0.038	0.037	0.038	0.036	0.036	0.036	0.038	0.038
4:29:43	25.0	0.035	0.035	0.035	0.036	0.036	0.037	0.036	0.037	0.038	0.038	0.038	0.037	0.040	0.038	0.090	0.034	0.036	0.059	0.063	0.063	0.064	0.038	0.086	0.035	0.036	0.065	0.061	0.090	0.066	0.039	0.082	0.037	0.036	0.055	0.056	0.063	0.053	0.039	0.092	0.038	0.038	0.037	0.038	0.036	0.036	0.036	0.037	0.038
4:59:43	25.0	0.036	0.035	0.035	0.036	0.036	0.037	0.036	0.037	0.038	0.039	0.039	0.038	0.040	0.038	0.092	0.034	0.036	0.060	0.063	0.063	0.065	0.038	0.088	0.036	0.036	0.066	0.063	0.094	0.068	0.039	0.083	0.037	0.036	0.057	0.058	0.065	0.056	0.039	0.094	0.038	0.038	0.037	0.038	0.036	0.036	0.036	0.037	0.038
5:29:43	25.0	0.035	0.035	0.035	0.036	0.036	0.037	0.036	0.037	0.038	0.038	0.039	0.037	0.040	0.038	0.094	0.034	0.036	0.060	0.063	0.064	0.065	0.038	0.090	0.036	0.036	0.069	0.065	0.099	0.070	0.039	0.085	0.038	0.036	0.060	0.061	0.068	0.059	0.039	0.096	0.038	0.038	0.037	0.038	0.036	0.036	0.036	0.037	0.038
5:59:43	25.0	0.036	0.035	0.036	0.036	0.036	0.037	0.036	0.037	0.038	0.039	0.039	0.037	0.040	0.038	0.098	0.034	0.036	0.060	0.063	0.064	0.065	0.038	0.094	0.035	0.036	0.072	0.068	0.106	0.074	0.039	0.088	0.037	0.036	0.064	0.065	0.071	0.063	0.039	0.098	0.038	0.038	0.037	0.038	0.036	0.036	0.036	0.037	0.038
6:29:43	25.0	0.036	0.035	0.035	0.036	0.036	0.037	0.036	0.037	0.038	0.039	0.038	0.037	0.040	0.038	0.103	0.034	0.036	0.060	0.063	0.064	0.065	0.038	0.099	0.035	0.036	0.076	0.073	0.116	0.079	0.039	0.092	0.037	0.036	0.068	0.070	0.076	0.068	0.039	0.102	0.038	0.038	0.037	0.038	0.036	0.036	0.036	0.036	0.038
6:59:43	25.0	0.036	0.035	0.036	0.036	0.037	0.037	0.036	0.037	0.038	0.039	0.039	0.038	0.040	0.038	0.110	0.034	0.036	0.060	0.063	0.064	0.065	0.038	0.106	0.036	0.036	0.083	0.079	0.129	0.086	0.039	0.099	0.038	0.036	0.075	0.077	0.084	0.075	0.039	0.109	0.038	0.038	0.037	0.038	0.036	0.036	0.036	0.037	0.038
7:29:43	25.0	0.035	0.035	0.035	0.036	0.036	0.037	0.036	0.037	0.038	0.038	0.038	0.037	0.040	0.038	0.120	0.034	0.036	0.060	0.064	0.064	0.065	0.038	0.116	0.035	0.036	0.092	0.087	0.147	0.096	0.039	0.108	0.037	0.036	0.084	0.086	0.093	0.085	0.039	0.117	0.038	0.038	0.037	0.038	0.036	0.036	0.036	0.036	0.038
7:59:43	25.0	0.035	0.035	0.035	0.036	0.036	0.037	0.036	0.037	0.038	0.039	0.039	0.037	0.040	0.038	0.133	0.034	0.036	0.061	0.063	0.064	0.065	0.038	0.129	0.035	0.036	0.103	0.099	0.172	0.110	0.039	0.120	0.037	0.036	0.096	0.100	0.107	0.099	0.039	0.128	0.038	0.038	0.037	0.038	0.036	0.036	0.036	0.036	0.038
8:29:43	25.0	0.036	0.035	0.036	0.036	0.036	0.037	0.036	0.037	0.038	0.039	0.039	0.038	0.040	0.038	0.153	0.034	0.036	0.061	0.063	0.064	0.066	0.038	0.149	0.036	0.036	0.119	0.115	0.201	0.128	0.039	0.137	0.037	0.036	0.113	0.118	0.126	0.118	0.039	0.143	0.038	0.038	0.037	0.038	0.036	0.036	0.036	0.036	0.038
8:59:43	25.0	0.035	0.035	0.036	0.036	0.036	0.037	0.036	0.037	0.038	0.038	0.038	0.037	0.040	0.038	0.179	0.034	0.036	0.061	0.063	0.064	0.066	0.038	0.175	0.035	0.036	0.139	0.135	0.234	0.151	0.039	0.160	0.037	0.036	0.135	0.142	0.152	0.143	0.039	0.165	0.038	0.038	0.037	0.038	0.036	0.036	0.036	0.036	0.038
9:29:43	25.0	0.035	0.035	0.035	0.036	0.036	0.036	0.036	0.037	0.038	0.038	0.038	0.037	0.040	0.038	0.209	0.034	0.036	0.061	0.063	0.064	0.066	0.038	0.205	0.035	0.036	0.165	0.161	0.280	0.180	0.039	0.189	0.037	0.036	0.163	0.171	0.180	0.173	0.039	0.191	0.038	0.038	0.037	0.037	0.036	0.036	0.036	0.036	0.038
9:59:43	25.0	0.035	0.035	0.035	0.036	0.036	0.036	0.036	0.037	0.038	0.038	0.038	0.037	0.040	0.038	0.249	0.034	0.036	0.061	0.063	0.065	0.066	0.038	0.245	0.035	0.036	0.193	0.190	0.330	0.214	0.039	0.224	0.037	0.036	0.195	0.205	0.217	0.210	0.039	0.224	0.038	0.038	0.037	0.037	0.036	0.036	0.036	0.036	0.038
10:29:43	25.0	0.035	0.035	0.035	0.036	0.036	0.037	0.036	0.037	0.038	0.038	0.038	0.037	0.040	0.038	0.297	0.034	0.036	0.061	0.064	0.064	0.066	0.038	0.293	0.035	0.036	0.232	0.227	0.389	0.259	0.039	0.270	0.037	0.036	0.237	0.250	0.264	0.257	0.039	0.268	0.038	0.038	0.037	0.038	0.036	0.036	0.036	0.036	0.038
10:59:43	25.0	0.035	0.035	0.035	0.036	0.036	0.036	0.036	0.037	0.038	0.038	0.038	0.037	0.039	0.038	0.352	0.034	0.036	0.061	0.064	0.065	0.066	0.038	0.349	0.035	0.036	0.277	0.274	0.461	0.309	0.039	0.322	0.037	0.036	0.287	0.304	0.319	0.312	0.039	0.318	0.038	0.038	0.037	0.038	0.036	0.036	0.036	0.036	0.038
11:29:43	25.0	0.035	0.035	0.035	0.036	0.036	0.036	0.036	0.037	0.038	0.038	0.038	0.038	0.040	0.038	0.419	0.034	0.036	0.061	0.064	0.064	0.066	0.038	0.419	0.035	0.036	0.329	0.326	0.540	0.370	0.039	0.385	0.037	0.036	0.344	0.365	0.383	0.376	0.039	0.379	0.038	0.038	0.037	0.037	0.036	0.036	0.036	0.036	0.038
11:59:43	25.0	0.035	0.035	0.035	0.036	0.036	0.036	0.036	0.036	0.038	0.038	0.038	0.037	0.039	0.038	0.494	0.034	0.036	0.061	0.064	0.065	0.066	0.038	0.496	0.035	0.036	0.393	0.393	0.616	0.446	0.039	0.459	0.037	0.036	0.415	0.440	0.460	0.454	0.038	0.451	0.037	0.038	0.037	0.037	0.036	0.036	0.036	0.036	0.037
12:29:43	25.0	0.035	0.035	0.035	0.036	0.036	0.037	0.036	0.037	0.038	0.038	0.038	0.037	0.039	0.038	0.571	0.034	0.036	0.061	0.064	0.065	0.066	0.038	0.575	0.035	0.036	0.469	0.474	0.678	0.528	0.039	0.538	0.037	0.036	0.492	0.521	0.542	0.537	0.039	0.526	0.038	0.038	0.037	0.037	0.036	0.036	0.036	0.036	0.038
12:59:43	25.0	0.035	0.035	0.035	0.036	0.036	0.037	0.036	0.037	0.038	0.039	0.038	0.037	0.040	0.038	0.648	0.034	0.036	0.061	0.064	0.065	0.066	0.038	0.647	0.035	0.036	0.549	0.555	0.734	0.603	0.039	0.611	0.037	0.036	0.571	0.594	0.620	0.610	0.039	0.605	0.038	0.038	0.037	0.037	0.036	0.036	0.036	0.036	0.038
13:29:43	25.0	0.035	0.035	0.035	0.036	0.036	0.037	0.036	0.037	0.038	0.038	0.038	0.037	0.040	0.038	0.710	0.034	0.036	0.061	0.064	0.065	0.066	0.038	0.710	0.035	0.036	0.620	0.626	0.808	0.668	0.039	0.686	0.037	0.036	0.631	0.653	0.675	0.675	0.039	0.679	0.038	0.038	0.037	0.037	0.036	0.036	0.036	0.036	0.037
13:59:43	25.0	0.035	0.035	0.035	0.036	0.036	0.037	0.036	0.037	0.038	0.039	0.038	0.037	0.040	0.038	0.758	0.034	0.036	0.061	0.064	0.065	0.066	0.038	0.778	0.035	0.036	0.679	0.685	0.849	0.727	0.039	0.740	0.037	0.036	0.692	0.719	0.733	0.724	0.039	0.739	0.038	0.038	0.037	0.037	0.036	0.036	0.036	0.036	0.037
14:29:43	25.0	0.035	0.035	0.035	0.036	0.036	0.036	0.036	0.036	0.037	0.038	0.038	0.037	0.039	0.038	0.831	0.034	0.036	0.061	0.064	0.065	0.066	0.038	0.849	0.035	0.035	0.735	0.747	0.905	0.812	0.039	0.795	0.037	0.036	0.735	0.761	0.783	0.781	0.039	0.795	0.038	0.038	0.037	0.037	0.036	0.036	0.036	0.036	0.037
14:59:43	25.0	0.035	0.035	0.035	0.036	0.036	0.036	0.036	0.036	0.037	0.038	0.038	0.037	0.039	0.038	0.853	0.034	0.036	0.061	0.064	0.065	0.066	0.038	0.866	0.035	0.036	0.799	0.811	0.956	0.836	0.039	0.851	0.037	0.036	0.795	0.813	0.836	0.828	0.038	0.853	0.037	0.038	0.037	0.037	0.036	0.036	0.035	0.036	0.037
15:29:43	25.0	0.035	0.035	0.035	0.036	0.036	0.037	0.036	0.036	0.037	0.038	0.038	0.037	0.040	0.038	0.891	0.034	0.036	0.061	0.064	0.065	0.066	0.038	0.905	0.035	0.036	0.838	0.848	1.023	0.892	0.039	0.880	0.037	0.036	0.824	0.849	0.867	0.874	0.039	0.884	0.038	0.038	0.037	0.037	0.036	0.036	0.036	0.036	0.037
15:59:43	25.0	0.035	0.035	0.035	0.036	0.036	0.036	0.036	0.036	0.038	0.038	0.038	0.037	0.040	0.038	0.937	0.034	0.036	0.061	0.064	0.065	0.066	0.038	0.953	0.035	0.036	0.890	0.905	1.081	0.956	0.039	0.923	0.037	0.036	0.882	0.908	0.930	0.935	0.039	0.927	0.038	0.038	0.037	0.037	0.036	0.036	0.036	0.036	0.037
16:29:43	25.0	0.035	0.035	0.035	0.036	0.036	0.036	0.036	0.037	0.038	0.038	0.038	0.037	0.040	0.038	0.976	0.034	0.036	0.061	0.064	0.065	0.066	0.038	0.994	0.035	0.036	0.963	0.975	1.120	1.024	0.039	0.968	0.037	0.036	0.922	0.950	0.976	0.990	0.039	0.958	0.038	0.038	0.037	0.037	0.036	0.036	0.036	0.036	0.037
16:59:43	25.0	0.035	0.035	0.035	0.036	0.036	0.037	0.036	0.036	0.038	0.038	0.038	0.038	0.039	0.038	1.009	0.034	0.036	0.061	0.064	0.065	0.066	0.038	1.025	0.035	0.036	1.036	1.048	1.175	1.081	0.039	1.003	0.037	0.036	0.986	1.018	1.034	1.061	0.039	1.003	0.038	0.038	0.037	0.037	0.036	0.036	0.036	0.036	0.037
17:29:43	25.0	0.035	0.035	0.035	0.036	0.036	0.036	0.036	0.037	0.037	0.038	0.038	0.037	0.039	0.038	1.065	0.034	0.036	0.061	0.064	0.065	0.066	0.038	1.074	0.035	0.036	1.081	1.093	1.207	1.136	0.039	1.062	0.037	0.036	1.052	1.081	1.101	1.113	0.039	1.057	0.038	0.038	0.037	0.037	0.036	0.036	0.036	0.036	0.037
17:59:43	25.1	0.035	0.035	0.035	0.036	0.036	0.036	0.036	0.036	0.038	0.038	0.038	0.037	0.039	0.038	1.078	0.034	0.036	0.061	0.064	0.065	0.066	0.038	1.089	0.035	0.036	1.132	1.153	1.232	1.175	0.039	1.072	0.037	0.036	1.096	1.137	1.162	1.190	0.038	1.077	0.038	0.038	0.037	0.037	0.036	0.036	0.035	0.036	0.037
18:29:43	25.1	0.035	0.035	0.035	0.036	0.036	0.036	0.036	0.036	0.037	0.038	0.038	0.037	0.039	0.038	1.094	0.034	0.036	0.061	0.064	0.065	0.066	0.038	1.104	0.035	0.036	1.161	1.197	1.252	1.209	0.039	1.087	0.037	0.036	1.176	1.206	1.228	1.228	0.038	1.088	0.038	0.038	0.037	0.037	0.036	0.036	0.035	0.036	0.037
18:59:43	25.1	0.035	0.035	0.035	0.036	0.036	0.037	0.036	0.037	0.038	0.038	0.038	0.037	0.040	0.038	1.121	0.034	0.036	0.061	0.065	0.065	0.067	0.038	1.127	0.035	0.036	1.189	1.224	1.270	1.234	0.039	1.104	0.037	0.036	1.207	1.229	1.247	1.246	0.038	1.106	0.038	0.038	0.037	0.037	0.036	0.036	0.036	0.036	0.037
19:29:43	25.1	0.035	0.035	0.035	0.036	0.036	0.036	0.036	0.036	0.037	0.038	0.038	0.037	0.039	0.038	1.133	0.034	0.036	0.061	0.064	0.065	0.066	0.038	1.140	0.035	0.036	1.210	1.245	1.282	1.248	0.039	1.136	0.037	0.036	1.224	1.243	1.262	1.272	0.039	1.127	0.038	0.038	0.037	0.037	0.036	0.036	0.036	0.036	0.037
19:59:43	25.1	0.035	0.035	0.035	0.036	0.036	0.036	0.036	0.037	0.038	0.038	0.038	0.037	0.039	0.038	1.148	0.034	0.036	0.061	0.064	0.065	0.067	0.038	1.156	0.035	0.036	1.225	1.253	1.297	1.262	0.039	1.140	0.037	0.036	1.235	1.258	1.272	1.270	0.039	1.142	0.038	0.038	0.037	0.037	0.036	0.036	0.036	0.036	0.037
20:29:43	25.1	0.035	0.034	0.035	0.036	0.036	0.036	0.036	0.036	0.037	0.038	0.038	0.037	0.039	0.038	1.180	0.034	0.036	0.061	0.064	0.065	0.067	0.038	1.173	0.035	0.035	1.237	1.267	1.310	1.271	0.039	1.156	0.037	0.036	1.246	1.266	1.281	1.279	0.038	1.156	0.037	0.038	0.037	0.037	0.036	0.036	0.035	0.036	0.037
20:59:43	25.1	0.035	0.035	0.035	0.036	0.036	0.037	0.036	0.036	0.037	0.038	0.038	0.037	0.039	0.038	1.191	0.034	0.036	0.061	0.064	0.065	0.066	0.038	1.185	0.035	0.036	1.248	1.276	1.319	1.283	0.039	1.170	0.037	0.036	1.254	1.277	1.290	1.288	0.038	1.169	0.038	0.038	0.037	0.037	0.036	0.036	0.035	0.036	0.037
21:29:43	25.1	0.035	0.034	0.035	0.036	0.036	0.036	0.036	0.036	0.037	0.038	0.038	0.037	0.039	0.038	1.208	0.034	0.035	0.061	0.064	0.065	0.066	0.038	1.201	0.035	0.035	1.258	1.284	1.329	1.297	0.039	1.183	0.037	0.036	1.260	1.280	1.294	1.294	0.038	1.183	0.037	0.038	0.037	0.037	0.036	0.036	0.035	0.036	0.037
21:59:43	25.1	0.035	0.035	0.035	0.036	0.036	0.036	0.036	0.036	0.037	0.038	0.038	0.037	0.039	0.038	1.221	0.034	0.036	0.061	0.064	0.065	0.066	0.038	1.216	0.035	0.036	1.272	1.295	1.335	1.309	0.039	1.199	0.037	0.036	1.265	1.286	1.300	1.299	0.038	1.201	0.037	0.038	0.037	0.037	0.036	0.036	0.035	0.036	0.037
22:29:43	25.1	0.035	0.035	0.035	0.036	0.036	0.036	0.036	0.036	0.037	0.038	0.038	0.037	0.039	0.038	1.234	0.034	0.036	0.061	0.064	0.065	0.067	0.038	1.229	0.035	0.035	1.284	1.307	1.340	1.315	0.039	1.213	0.037	0.036	1.273	1.293	1.308	1.309	0.038	1.215	0.037	0.038	0.037	0.037	0.036	0.036	0.035	0.036	0.037
22:59:43	25.1	0.035	0.035	0.035	0.036	0.036	0.036	0.036	0.036	0.037	0.038	0.038	0.037	0.039	0.038	1.241	0.034	0.036	0.061	0.064	0.065	0.067	0.038	1.236	0.035	0.035	1.292	1.313	1.342	1.321	0.039	1.226	0.037	0.036	1.281	1.303	1.316	1.318	0.038	1.230	0.037	0.037	0.036	0.037	0.036	0.036	0.035	0.036	0.037
23:29:43	25.1	0.035	0.035	0.035	0.036	0.036	0.036	0.036	0.036	0.037	0.038	0.038	0.037	0.039	0.038	1.249	0.034	0.036	0.061	0.064	0.065	0.067	0.038	1.243	0.035	0.036	1.298	1.318	1.346	1.323	0.039	1.231	0.037	0.036	1.291	1.315	1.327	1.325	0.038	1.244	0.037	0.038	0.036	0.037	0.036	0.036	0.035	0.035	0.037
23:59:43	25.1	0.035	0.035	0.035	0.036	0.036	0.036	0.036	0.036	0.037	0.038	0.038	0.037	0.039	0.038	1.250	0.034	0.036	0.061	0.064	0.065	0.067	0.038	1.246	0.035	0.036	1.302	1.323	1.351	1.327	0.039	1.237	0.037	0.036	1.303	1.323	1.335	1.332	0.038	1.252	0.038	0.038	0.037	0.037	0.036	0.036	0.035	0.036	0.037
24:29:43	25.1	0.035	0.034	0.035	0.036	0.036	0.036	0.036	0.036	0.037	0.038	0.038	0.037	0.039	0.038	1.249	0.034	0.035	0.061	0.064	0.065	0.067	0.038	1.246	0.035	0.035	1.307	1.329	1.357	1.333	0.039	1.237	0.037	0.036	1.300	1.316	1.328	1.329	0.038	1.251	0.037	0.038	0.036	0.037	0.036	0.036	0.035	0.035	0.037
24:59:43	25.1	0.035	0.034	0.035	0.036	0.036	0.036	0.036	0.036	0.037	0.038	0.038	0.037	0.039	0.038	1.249	0.034	0.035	0.061	0.064	0.065	0.067	0.038	1.247	0.035	0.035	1.311	1.333	1.362	1.337	0.039	1.238	0.037	0.036	1.293	1.307	1.317	1.317	0.038	1.252	0.037	0.037	0.037	0.037	0.036	0.036	0.035	0.035	0.037
25:29:43	25.1	0.035	0.034	0.035	0.036	0.036	0.036	0.036	0.036	0.037	0.038	0.038	0.037	0.039	0.038	1.246	0.034	0.036	0.061	0.064	0.065	0.067	0.038	1.245	0.035	0.035	1.317	1.338	1.351	1.343	0.039	1.237	0.037	0.036	1.284	1.297	1.309	1.309	0.038	1.250	0.037	0.037	0.036	0.037	0.036	0.036	0.035	0.035	0.037
25:59:43	25.1	0.035	0.035	0.035	0.036	0.036	0.036	0.036	0.036	0.037	0.038	0.038	0.037	0.039	0.038	1.240	0.034	0.035	0.061	0.064	0.065	0.067	0.038	1.241	0.035	0.036	1.321	1.342	1.344	1.336	0.039	1.234	0.037	0.036	1.276	1.290	1.302	1.301	0.038	1.248	0.037	0.037	0.036	0.037	0.036	0.036	0.035	0.035	0.037
26:29:43	25.1	0.035	0.035	0.035	0.036	0.036	0.036	0.036	0.036	0.037	0.038	0.038	0.037	0.039	0.038	1.232	0.034	0.035	0.061	0.064	0.065	0.067	0.038	1.233	0.035	0.035	1.323	1.331	1.338	1.327	0.039	1.228	0.037	0.036	1.269	1.284	1.296	1.294	0.038	1.242	0.037	0.037	0.036	0.037	0.036	0.036	0.035	0.035	0.037
26:59:43	25.0	0.035	0.035	0.035	0.036	0.036	0.036	0.036	0.036	0.037	0.038	0.038	0.037	0.039	0.038	1.226	0.034	0.036	0.061	0.064	0.065	0.067	0.038	1.226	0.035	0.035	1.313	1.323	1.330	1.319	0.039	1.219	0.037	0.036	1.263	1.279	1.291	1.290	0.038	1.233	0.037	0.037	0.037	0.037	0.036	0.036	0.035	0.035	0.037
27:29:43	25.0	0.035	0.035	0.035	0.036	0.036	0.036	0.036	0.036	0.037	0.038	0.038	0.037	0.039	0.038	1.221	0.034	0.036	0.061	0.064	0.065	0.067	0.038	1.221	0.035	0.036	1.307	1.315	1.324	1.312	0.039	1.214	0.037	0.036	1.258	1.274	1.286	1.285	0.038	1.226	0.037	0.037	0.036	0.037	0.036	0.036	0.035	0.035	0.037
27:59:43	25.0	0.035	0.035	0.035	0.036	0.036	0.036	0.036	0.036	0.037	0.038	0.038	0.037	0.039	0.038	1.217	0.034	0.036	0.061	0.064	0.065	0.067	0.038	1.217	0.035	0.036	1.301	1.309	1.318	1.306	0.039	1.211	0.036	0.036	1.253	1.270	1.281	1.280	0.038	1.220	0.037	0.037	0.036	0.037	0.036	0.036	0.035	0.035	0.037
28:29:43	25.0	0.035	0.034	0.035	0.036	0.036	0.036	0.036	0.036	0.037	0.038	0.038	0.037	0.039	0.038	1.213	0.034	0.036	0.061	0.064	0.065	0.067	0.038	1.213	0.035	0.035	1.294	1.303	1.310	1.298	0.039	1.207	0.037	0.036	1.249	1.264	1.275	1.273	0.038	1.215	0.037	0.037	0.036	0.037	0.036	0.036	0.035	0.035	0.037
28:59:43	25.0	0.035	0.035	0.035	0.036	0.036	0.036	0.036	0.036	0.037	0.038	0.038	0.037	0.039	0.038	1.210	0.034	0.036	0.061	0.064	0.065	0.067	0.038	1.211	0.035	0.035	1.288	1.296	1.302	1.292	0.039	1.202	0.037	0.036	1.244	1.258	1.269	1.267	0.038	1.212	0.037	0.037	0.036	0.037	0.036	0.036	0.035	0.035	0.037
29:29:43	25.0	0.035	0.034	0.035	0.036	0.036	0.036	0.036	0.036	0.037	0.038	0.038	0.037	0.039	0.038	1.206	0.034	0.035	0.061	0.064	0.065	0.067	0.038	1.208	0.035	0.035	1.281	1.290	1.294	1.286	0.039	1.198	0.036	0.036	1.239	1.254	1.262	1.262	0.038	1.209	0.037	0.037	0.036	0.037	0.036	0.036	0.035	0.035	0.037
29:59:43	25.0	0.035	0.035	0.035	0.036	0.036	0.036	0.036	0.036	0.037	0.038	0.038	0.037	0.039	0.038	1.204	0.034	0.035	0.061	0.064	0.065	0.067	0.038	1.204	0.035	0.035	1.276	1.284	1.286	1.279	0.039	1.196	0.036	0.036	1.233	1.246	1.256	1.255	0.038	1.205	0.037	0.037	0.036	0.037	0.036	0.036	0.035	0.035	0.037
30:29:43	25.0	0.035	0.034	0.035	0.036	0.036	0.036	0.036	0.036	0.037	0.038	0.038	0.037	0.039	0.038	1.202	0.034	0.035	0.061	0.064	0.065	0.067	0.038	1.203	0.035	0.035	1.269	1.277	1.279	1.272	0.039	1.194	0.036	0.036	1.227	1.240	1.249	1.248	0.038	1.202	0.037	0.037	0.036	0.037	0.036	0.035	0.035	0.035	0.037
30:59:43	25.0	0.035	0.034	0.035	0.036	0.036	0.036	0.036	0.036	0.037	0.038	0.038	0.037	0.039	0.038	1.199	0.034	0.035	0.061	0.064	0.065	0.067	0.038	1.200	0.035	0.035	1.263	1.270	1.271	1.264	0.039	1.191	0.036	0.036	1.221	1.233	1.242	1.240	0.038	1.199	0.037	0.037	0.036	0.037	0.036	0.035	0.035	0.035	0.037
31:29:43	25.0	0.035	0.034	0.035	0.036	0.036	0.036	0.036	0.036	0.037	0.038	0.038	0.037	0.039	0.038	1.196	0.034	0.035	0.061	0.064	0.065	0.067	0.038	1.198	0.035	0.035	1.256	1.263	1.265	1.257	0.039	1.188	0.036	0.036	1.214	1.227	1.236	1.235	0.038	1.196	0.037	0.037	0.036	0.037	0.036	0.036	0.035	0.035	0.037
31:59:43	25.0	0.035	0.034	0.035	0.036	0.036	0.036	0.036	0.036	0.037	0.038	0.038	0.037	0.039	0.038	1.194	0.034	0.035	0.061	0.064	0.065	0.067	0.038	1.196	0.035	0.035	1.248	1.255	1.258	1.249	0.039	1.186	0.036	0.036	1.208	1.221	1.229	1.228	0.038	1.193	0.037	0.037	0.036	0.037	0.036	0.035	0.035	0.035	0.037
32:29:43	25.1	0.035	0.034	0.035	0.036	0.036	0.036	0.036	0.036	0.037	0.038	0.038	0.037	0.039	0.038	1.193	0.034	0.035	0.061	0.064	0.065	0.067	0.038	1.194	0.035	0.035	1.242	1.249	1.252	1.242	0.039	1.184	0.037	0.036	1.202	1.215	1.223	1.221	0.038	1.190	0.037	0.037	0.036	0.037	0.036	0.036	0.035	0.035	0.037
32:59:43	25.1	0.035	0.034	0.035	0.036	0.036	0.036	0.036	0.036	0.037	0.038	0.038	0.037	0.039	0.038	1.190	0.034	0.035	0.061	0.064	0.065	0.067	0.038	1.192	0.035	0.036	1.235	1.242	1.246	1.235	0.039	1.182	0.036	0.036	1.196	1.208	1.217	1.215	0.038	1.186	0.037	0.037	0.036	0.037	0.036	0.035	0.035	0.035	0.037
33:29:43	25.1	0.035	0.034	0.035	0.036	0.036	0.036	0.036	0.036	0.037	0.038	0.038	0.037	0.039	0.038	1.186	0.034	0.035	0.061	0.064	0.065	0.067	0.038	1.189	0.035	0.035	1.228	1.236	1.239	1.229	0.039	1.179	0.036	0.036	1.189	1.202	1.211	1.209	0.038	1.184	0.037	0.037	0.036	0.037	0.036	0.035	0.035	0.035	0.037
33:59:43	25.1	0.035	0.034	0.035	0.036	0.036	0.036	0.036	0.036	0.037	0.038	0.038	0.037	0.039	0.038	1.184	0.034	0.035	0.061	0.064	0.065	0.067	0.038	1.186	0.035	0.035	1.222	1.230	1.233	1.223	0.039	1.176	0.036	0.036	1.183	1.196	1.205	1.203	0.038	1.180	0.037	0.037	0.036	0.037	0.036	0.035	0.035	0.035	0.037
34:29:43	25.1	0.035	0.034	0.035	0.036	0.036	0.036	0.036	0.036	0.037	0.038	0.038	0.037	0.039	0.038	1.180	0.034	0.035	0.061	0.064	0.065	0.067	0.038	1.185	0.035	0.035	1.216	1.224	1.226	1.216	0.039	1.174	0.036	0.036	1.177	1.191	1.200	1.197	0.038	1.176	0.037	0.037	0.036	0.037	0.036	0.035	0.035	0.035	0.037
34:59:43	25.1	0.035	0.034	0.035	0.036	0.036	0.036	0.036	0.036	0.037	0.038	0.038	0.037	0.039	0.038	1.179	0.034	0.035	0.061	0.064	0.065	0.067	0.038	1.181	0.035	0.035	1.210	1.218	1.221	1.210	0.039	1.171	0.036	0.036	1.171	1.185	1.194	1.191	0.038	1.173	0.037	0.037	0.036	0.037	0.036	0.035	0.035	0.035	0.037
35:29:43	25.1	0.035	0.034	0.035	0.036	0.036	0.036	0.036	0.036	0.037	0.038	0.038	0.037	0.039	0.038	1.175	0.034	0.035	0.061	0.065	0.065	0.067	0.038	1.178	0.035	0.035	1.203	1.212	1.215	1.205	0.039	1.169	0.036	0.036	1.166	1.180	1.188	1.186	0.038	1.171	0.037	0.037	0.036	0.037	0.036	0.035	0.035	0.035	0.037
35:59:43	25.1	0.035	0.035	0.035	0.036	0.036	0.036	0.036	0.036	0.037	0.038	0.038	0.037	0.039	0.038	1.171	0.034	0.035	0.061	0.065	0.065	0.067	0.038	1.176	0.035	0.035	1.197	1.206	1.209	1.200	0.039	1.165	0.036	0.036	1.160	1.175	1.184	1.180	0.038	1.166	0.037	0.037	0.036	0.037	0.036	0.036	0.035	0.035	0.037
36:29:43	25.1	0.035	0.035	0.035	0.036	0.036	0.036	0.036	0.036	0.037	0.038	0.038	0.037	0.039	0.038	1.171	0.034	0.035	0.061	0.065	0.065	0.067	0.038	1.173	0.035	0.035	1.191	1.201	1.204	1.193	0.039	1.163	0.036	0.036	1.155	1.170	1.179	1.175	0.038	1.164	0.037	0.037	0.036	0.037	0.036	0.035	0.035	0.035	0.037
36:59:43	25.1	0.035	0.034	0.035	0.036	0.036	0.036	0.036	0.036	0.037	0.038	0.038	0.037	0.039	0.038	1.166	0.034	0.035	0.061	0.064	0.065	0.067	0.038	1.170	0.035	0.035	1.186	1.195	1.197	1.188	0.039	1.160	0.036	0.036	1.150	1.165	1.174	1.170	0.038	1.160	0.037	0.037	0.036	0.037	0.036	0.035	0.035	0.035	0.036
37:29:43	25.1	0.035	0.034	0.035	0.036	0.036	0.036	0.036	0.036	0.037	0.038	0.038	0.037	0.039	0.038	1.163	0.034	0.035	0.061	0.065	0.065	0.067	0.038	1.167	0.035	0.035	1.180	1.190	1.192	1.183	0.039	1.156	0.036	0.036	1.145	1.161	1.170	1.166	0.038	1.156	0.037	0.037	0.036	0.037	0.036	0.035	0.035	0.035	0.036
37:59:43	25.1	0.035	0.034	0.035	0.036	0.036	0.036	0.036	0.036	0.037	0.038	0.038	0.037	0.039	0.038	1.159	0.034	0.035	0.061	0.064	0.065	0.067	0.038	1.165	0.035	0.035	1.175	1.185	1.187	1.178	0.039	1.153	0.036	0.036	1.141	1.156	1.165	1.161	0.038	1.153	0.037	0.037	0.036	0.037	0.036	0.035	0.035	0.035	0.036
38:29:43	25.1	0.035	0.034	0.035	0.036	0.036	0.036	0.036	0.036	0.037	0.038	0.038	0.037	0.039	0.038	1.157	0.034	0.035	0.061	0.064	0.065	0.067	0.038	1.161	0.035	0.035	1.169	1.179	1.182	1.172	0.039	1.151	0.036	0.036	1.136	1.152	1.160	1.155	0.038	1.149	0.037	0.037	0.036	0.037	0.036	0.035	0.035	0.035	0.036
38:59:43	25.1	0.035	0.035	0.035	0.036	0.036	0.036	0.036	0.036	0.037	0.038	0.038	0.037	0.039	0.038	1.155	0.034	0.035	0.061	0.064	0.065	0.067	0.038	1.159	0.035	0.035	1.164	1.174	1.177	1.167	0.039	1.148	0.036	0.036	1.132	1.148	1.157	1.152	0.038	1.146	0.037	0.037	0.036	0.037	0.036	0.035	0.035	0.035	0.036
39:29:43	25.1	0.035	0.035	0.035	0.036	0.036	0.036	0.036	0.036	0.037	0.038	0.038	0.037	0.039	0.038	1.150	0.034	0.035	0.061	0.065	0.065	0.067	0.038	1.156	0.035	0.035	1.159	1.170	1.173	1.162	0.039	1.144	0.036	0.036	1.128	1.144	1.154	1.147	0.038	1.143	0.037	0.037	0.036	0.037	0.036	0.035	0.035	0.035	0.037
39:59:43	25.1	0.035	0.034	0.035	0.036	0.036	0.036	0.036	0.036	0.037	0.038	0.038	0.037	0.039	0.038	1.150	0.034	0.035	0.061	0.064	0.065	0.067	0.038	1.155	0.035	0.035	1.154	1.164	1.167	1.157	0.039	1.142	0.036	0.036	1.125	1.141	1.151	1.143	0.038	1.140	0.037	0.037	0.036	0.037	0.036	0.035	0.035	0.035	0.036
40:29:43	25.0	0.035	0.034	0.035	0.036	0.036	0.036	0.036	0.036	0.037	0.038	0.038	0.037	0.039	0.038	1.147	0.034	0.035	0.061	0.064	0.065	0.067	0.038	1.152	0.035	0.035	1.149	1.160	1.164	1.153	0.039	1.140	0.036	0.036	1.122	1.139	1.149	1.139	0.038	1.139	0.037	0.037	0.036	0.037	0.036	0.035	0.035	0.035	0.036
40:59:43	25.1	0.035	0.034	0.035	0.036	0.036	0.036	0.036	0.036	0.037	0.038	0.038	0.037	0.039	0.038	1.146	0.034	0.035	0.061	0.064	0.065	0.067	0.038	1.150	0.035	0.035	1.144	1.155	1.160	1.147	0.039	1.138	0.036	0.036	1.121	1.136	1.147	1.136	0.038	1.137	0.037	0.037	0.036	0.037	0.036	0.035	0.035	0.035	0.036
41:29:43	25.1	0.035	0.034	0.035	0.036	0.036	0.036	0.036	0.036	0.037	0.038	0.038	0.037	0.039	0.038	1.145	0.034	0.035	0.061	0.064	0.065	0.067	0.038	1.149	0.035	0.035	1.139	1.150	1.156	1.143	0.039	1.137	0.036	0.036	1.118	1.135	1.145	1.133	0.038	1.136	0.037	0.037	0.036	0.037	0.036	0.035	0.035	0.035	0.036
41:59:43	25.1	0.035	0.034	0.035	0.036	0.036	0.036	0.036	0.036	0.037	0.038	0.038	0.037	0.039	0.038	1.140	0.034	0.035	0.061	0.064	0.065	0.067	0.038	1.148	0.035	0.035	1.135	1.146	1.152	1.139	0.039	1.135	0.036	0.036	1.117	1.133	1.143	1.130	0.038	1.134	0.037	0.037	0.036	0.037	0.036	0.035	0.035	0.035	0.036
42:29:43	25.1	0.035	0.034	0.035	0.036	0.036	0.036	0.036	0.036	0.037	0.038	0.038	0.038	0.039	0.038	1.141	0.034	0.035	0.061	0.064	0.065	0.067	0.038	1.147	0.035	0.035	1.130	1.142	1.148	1.134	0.039	1.134	0.036	0.036	1.115	1.132	1.142	1.129	0.038	1.132	0.037	0.037	0.036	0.037	0.036	0.035	0.035	0.035	0.036
42:59:43	25.1	0.035	0.034	0.035	0.036	0.036	0.036	0.036	0.036	0.037	0.038	0.038	0.037	0.039	0.038	1.139	0.034	0.035	0.061	0.063	0.065	0.067	0.038	1.145	0.035	0.035	1.125	1.137	1.144	1.130	0.039	1.132	0.036	0.036	1.113	1.129	1.140	1.126	0.038	1.130	0.037	0.037	0.036	0.037	0.036	0.035	0.035	0.035	0.036
43:29:43	25.1	0.035	0.034	0.035	0.036	0.036	0.036	0.036	0.036	0.037	0.038	0.038	0.037	0.039	0.038	1.138	0.034	0.035	0.061	0.063	0.065	0.067	0.038	1.144	0.035	0.035	1.121	1.134	1.141	1.126	0.039	1.131	0.036	0.036	1.111	1.127	1.139	1.125	0.038	1.129	0.037	0.037	0.036	0.037	0.036	0.035	0.035	0.035	0.036
43:59:43	25.2	0.034	0.034	0.035	0.036	0.036	0.036	0.036	0.036	0.037	0.038	0.038	0.037	0.039	0.038	1.136	0.034	0.035	0.061	0.063	0.065	0.067	0.038	1.143	0.035	0.035	1.117	1.130	1.138	1.122	0.039	1.129	0.036	0.036	1.110	1.126	1.137	1.123	0.038	1.126	0.037	0.037	0.036	0.037	0.036	0.035	0.035	0.035	0.036
44:29:43	25.2	0.034	0.034	0.035	0.036	0.036	0.036	0.036	0.036	0.037	0.038	0.038	0.037	0.039	0.038	1.135	0.034	0.035	0.061	0.063	0.065	0.067	0.038	1.142	0.035	0.035	1.112	1.125	1.136	1.118	0.039	1.128	0.036	0.036	1.109	1.125	1.137	1.121	0.038	1.125	0.037	0.037	0.036	0.036	0.036	0.035	0.035	0.035	0.036
44:59:43	25.2	0.035	0.035	0.035	0.036	0.036	0.036	0.036	0.036	0.037	0.038	0.038	0.037	0.039	0.038	1.134	0.034	0.035	0.061	0.063	0.065	0.067	0.038	1.141	0.035	0.035	1.108	1.121	1.134	1.115	0.039	1.128	0.036	0.036	1.108	1.124	1.135	1.121	0.038	1.125	0.037	0.037	0.036	0.037	0.036	0.035	0.035	0.035	0.036
45:29:43	25.2	0.034	0.034	0.035	0.036	0.036	0.036	0.036	0.036	0.037	0.038	0.038	0.037	0.039	0.038	1.133	0.034	0.035	0.061	0.063	0.065	0.067	0.038	1.140	0.035	0.035	1.103	1.117	1.132	1.112	0.039	1.127	0.036	0.036	1.106	1.123	1.134	1.119	0.038	1.123	0.037	0.037	0.036	0.037	0.036	0.035	0.035	0.035	0.036
45:59:43	25.2	0.035	0.034	0.035	0.036	0.036	0.036	0.036	0.036	0.037	0.038	0.038	0.037	0.039	0.038	1.131	0.034	0.035	0.061	0.062	0.065	0.067	0.038	1.139	0.035	0.035	1.099	1.114	1.131	1.110	0.039	1.124	0.036	0.036	1.104	1.121	1.132	1.118	0.038	1.122	0.037	0.037	0.036	0.037	0.036	0.035	0.035	0.035	0.036
46:29:43	25.2	0.034	0.034	0.035	0.036	0.036	0.036	0.036	0.036	0.037	0.038	0.038	0.037	0.039	0.038	1.130	0.034	0.035	0.061	0.062	0.065	0.067	0.038	1.136	0.035	0.035	1.095	1.111	1.129	1.108	0.039	1.123	0.036	0.036	1.103	1.119	1.131	1.116	0.038	1.119	0.037	0.037	0.036	0.036	0.035	0.035	0.035	0.035	0.036
46:59:43	25.2	0.034	0.034	0.035	0.036	0.036	0.036	0.036	0.036	0.037	0.038	0.038	0.037	0.039	0.038	1.128	0.034	0.035	0.061	0.063	0.065	0.067	0.038	1.135	0.035	0.035	1.093	1.109	1.127	1.107	0.039	1.123	0.036	0.036	1.101	1.118	1.129	1.115	0.038	1.118	0.037	0.037	0.036	0.037	0.036	0.035	0.035	0.035	0.036
47:29:43	25.2	0.034	0.034	0.035	0.036	0.036	0.036	0.036	0.036	0.037	0.038	0.038	0.037	0.039	0.038	1.125	0.034	0.035	0.061	0.062	0.065	0.067	0.038	1.133	0.035	0.035	1.089	1.105	1.126	1.104	0.039	1.121	0.036	0.036	1.099	1.116	1.127	1.114	0.038	1.117	0.037	0.037	0.036	0.036	0.035	0.035	0.035	0.035	0.036
47:59:43	25.1	0.034	0.034	0.035	0.036	0.036	0.036	0.036	0.036	0.037	0.038	0.038	0.037	0.039	0.038	1.125	0.034	0.035	0.061	0.063	0.065	0.067	0.038	1.133	0.035	0.035	1.087	1.103	1.124	1.103	0.039	1.120	0.036	0.036	1.099	1.115	1.127	1.113	0.038	1.116	0.037	0.037	0.036	0.037	0.036	0.035	0.035	0.035	0.036
48:29:43	25.1	0.034	0.034	0.035	0.036	0.036	0.036	0.036	0.036	0.036	0.038	0.038	0.037	0.039	0.038	1.125	0.034	0.035	0.061	0.062	0.065	0.067	0.038	1.132	0.035	0.035	1.085	1.102	1.122	1.101	0.039	1.119	0.036	0.036	1.097	1.113	1.125	1.111	0.038	1.114	0.037	0.037	0.036	0.036	0.036	0.035	0.035	0.035	0.036
48:59:43	25.1	0.034	0.034	0.035	0.036	0.036	0.036	0.036	0.036	0.037	0.038	0.038	0.037	0.039	0.038	1.123	0.034	0.035	0.061	0.062	0.065	0.067	0.038	1.132	0.035	0.035	1.085	1.101	1.122	1.101	0.039	1.118	0.036	0.036	1.097	1.113	1.124	1.111	0.038	1.114	0.037	0.037	0.036	0.037	0.036	0.035	0.035	0.035	0.036
49:29:43	25.1	0.035	0.034	0.035	0.036	0.036	0.036	0.035	0.036	0.037	0.038	0.038	0.037	0.039	0.038	1.123	0.034	0.035	0.061	0.063	0.065	0.067	0.038	1.131	0.035	0.035	1.083	1.100	1.120	1.100	0.039	1.117	0.036	0.036	1.095	1.112	1.123	1.110	0.038	1.112	0.037	0.037	0.036	0.037	0.036	0.035	0.035	0.035	0.036
49:59:43	25.1	0.034	0.034	0.035	0.036	0.036	0.036	0.036	0.036	0.036	0.038	0.038	0.037	0.039	0.038	1.122	0.034	0.035	0.061	0.062	0.065	0.067	0.038	1.130	0.035	0.035	1.082	1.099	1.119	1.099	0.039	1.117	0.036	0.035	1.094	1.111	1.123	1.109	0.038	1.111	0.037	0.037	0.036	0.036	0.035	0.035	0.035	0.035	0.036
50:29:43	25.1	0.034	0.034	0.035	0.035	0.036	0.036	0.036	0.036	0.036	0.038	0.038	0.037	0.039	0.038	1.120	0.034	0.035	0.061	0.062	0.065	0.067	0.038	1.129	0.035	0.035	1.080	1.097	1.117	1.097	0.038	1.114	0.036	0.035	1.092	1.109	1.121	1.107	0.038	1.110	0.037	0.037	0.036	0.036	0.035	0.035	0.035	0.034	0.036
50:59:43	25.1	0.034	0.034	0.035	0.036	0.036	0.036	0.036	0.036	0.036	0.038	0.038	0.037	0.039	0.038	1.119	0.034	0.035	0.061	0.062	0.065	0.067	0.038	1.128	0.035	0.035	1.078	1.096	1.116	1.098	0.039	1.113	0.036	0.036	1.091	1.108	1.119	1.106	0.038	1.108	0.037	0.037	0.036	0.036	0.036	0.035	0.035	0.035	0.036
51:29:43	25.1	0.034	0.034	0.035	0.035	0.036	0.036	0.036	0.036	0.036	0.038	0.038	0.037	0.039	0.038	1.119	0.034	0.035	0.061	0.062	0.065	0.067	0.038	1.127	0.035	0.035	1.078	1.095	1.116	1.096	0.039	1.113	0.036	0.035	1.089	1.107	1.118	1.105	0.038	1.107	0.037	0.037	0.036	0.036	0.035	0.035	0.035	0.035	0.036
51:59:43	25.1	0.034	0.034	0.035	0.036	0.036	0.036	0.036	0.036	0.036	0.038	0.038	0.037	0.039	0.038	1.117	0.034	0.035	0.061	0.062	0.065	0.067	0.038	1.126	0.035	0.035	1.077	1.094	1.115	1.096	0.039	1.113	0.036	0.036	1.089	1.107	1.118	1.105	0.038	1.107	0.037	0.037	0.036	0.036	0.036	0.035	0.035	0.035	0.036
52:29:43	25.1	0.034	0.034	0.035	0.036	0.036	0.036	0.036	0.036	0.037	0.038	0.038	0.037	0.039	0.038	1.116	0.034	0.035	0.061	0.062	0.065	0.067	0.038	1.126	0.035	0.035	1.076	1.093	1.114	1.095	0.039	1.111	0.036	0.036	1.088	1.106	1.117	1.104	0.038	1.105	0.037	0.037	0.036	0.036	0.036	0.035	0.035	0.035	0.036
52:59:43	25.1	0.034	0.034	0.035	0.035	0.036	0.036	0.035	0.036	0.036	0.038	0.038	0.037	0.039	0.038	1.116	0.033	0.035	0.061	0.062	0.065	0.067	0.038	1.124	0.035	0.035	1.075	1.093	1.113	1.094	0.039	1.110	0.036	0.035	1.087	1.105	1.116	1.103	0.038	1.104	0.037	0.037	0.036	0.036	0.035	0.035	0.035	0.035	0.036
53:29:43	25.1	0.034	0.034	0.035	0.036	0.036	0.036	0.036	0.036	0.037	0.038	0.038	0.037	0.039	0.038	1.117	0.034	0.035	0.061	0.062	0.065	0.067	0.038	1.124	0.035	0.035	1.074	1.092	1.113	1.094	0.039	1.109	0.036	0.036	1.086	1.103	1.115	1.102	0.038	1.104	0.037	0.037	0.036	0.036	0.036	0.035	0.035	0.035	0.036
53:59:43	25.1	0.034	0.035	0.035	0.036	0.036	0.036	0.036	0.036	0.036	0.038	0.038	0.037	0.039	0.038	1.112	0.034	0.035	0.061	0.062	0.065	0.067	0.038	1.121	0.035	0.035	1.073	1.090	1.111	1.092	0.039	1.108	0.036	0.036	1.084	1.102	1.113	1.101	0.038	1.102	0.037	0.037	0.036	0.036	0.035	0.035	0.035	0.035	0.036
54:29:43	25.1	0.034	0.034	0.035	0.036	0.036	0.036	0.036	0.036	0.037	0.038	0.038	0.037	0.039	0.038	1.111	0.034	0.035	0.061	0.062	0.065	0.067	0.038	1.121	0.035	0.035	1.072	1.089	1.111	1.091	0.039	1.107	0.036	0.036	1.083	1.101	1.112	1.100	0.038	1.101	0.037	0.037	0.036	0.036	0.036	0.035	0.035	0.035	0.036
54:59:43	25.1	0.034	0.034	0.035	0.035	0.036	0.036	0.035	0.036	0.036	0.037	0.038	0.037	0.039	0.038	1.111	0.034	0.035	0.061	0.062	0.065	0.067	0.038	1.119	0.035	0.035	1.070	1.088	1.109	1.091	0.039	1.106	0.036	0.035	1.081	1.100	1.111	1.099	0.038	1.100	0.037	0.037	0.036	0.036	0.035	0.035	0.035	0.035	0.036
55:29:43	25.1	0.034	0.034	0.035	0.036	0.036	0.036	0.036	0.036	0.036	0.038	0.038	0.037	0.039	0.038	1.109	0.034	0.035	0.061	0.062	0.065	0.067	0.038	1.118	0.035	0.035	1.069	1.087	1.107	1.090	0.039	1.104	0.036	0.036	1.080	1.098	1.109	1.097	0.038	1.098	0.037	0.037	0.036	0.036	0.036	0.035	0.035	0.035	0.036
55:59:43	25.1	0.034	0.034	0.035	0.035	0.036	0.036	0.036	0.036	0.036	0.038	0.038	0.037	0.039	0.038	1.107	0.034	0.035	0.061	0.062	0.065	0.067	0.038	1.117	0.035	0.035	1.067	1.085	1.107	1.089	0.039	1.104	0.036	0.035	1.078	1.097	1.108	1.096	0.038	1.096	0.037	0.037	0.036	0.036	0.035	0.035	0.035	0.035	0.036
56:29:43	25.1	0.034	0.034	0.035	0.036	0.036	0.036	0.036	0.036	0.036	0.038	0.038	0.037	0.039	0.038	1.106	0.034	0.035	0.061	0.062	0.065	0.067	0.038	1.116	0.035	0.035	1.065	1.084	1.106	1.087	0.039	1.101	0.036	0.036	1.077	1.095	1.106	1.094	0.038	1.095	0.037	0.037	0.036	0.036	0.036	0.035	0.035	0.034	0.036
56:59:43	25.1	0.034	0.034	0.035	0.035	0.036	0.036	0.036	0.036	0.036	0.038	0.038	0.037	0.039	0.038	1.105	0.034	0.035	0.061	0.062	0.065	0.067	0.038	1.115	0.035	0.035	1.063	1.083	1.104	1.086	0.039	1.102	0.036	0.035	1.074	1.094	1.105	1.093	0.038	1.093	0.037	0.037	0.036	0.036	0.035	0.035	0.035	0.034	0.036
57:29:43	25.1	0.034	0.034	0.035	0.035	0.036	0.036	0.036	0.036	0.036	0.038	0.038	0.037	0.039	0.038	1.103	0.034	0.035	0.061	0.062	0.065	0.067	0.038	1.114	0.035	0.035	1.061	1.081	1.103	1.085	0.039	1.099	0.035	0.035	1.073	1.092	1.103	1.092	0.038	1.092	0.037	0.036	0.036	0.036	0.035	0.035	0.035	0.034	0.035
57:59:43	25.1	0.034	0.034	0.035	0.035	0.036	0.036	0.036	0.036	0.036	0.038	0.038	0.037	0.039	0.038	1.103	0.034	0.035	0.061	0.062	0.065	0.067	0.038	1.113	0.035	0.035	1.060	1.080	1.102	1.084	0.039	1.099	0.036	0.036	1.072	1.091	1.102	1.090	0.038	1.089	0.037	0.037	0.036	0.036	0.035	0.035	0.035	0.034	0.036
58:29:43	25.1	0.034	0.034	0.035	0.036	0.036	0.036	0.036	0.036	0.036	0.038	0.038	0.037	0.039	0.038	1.102	0.034	0.035	0.061	0.063	0.065	0.067	0.038	1.112	0.035	0.035	1.058	1.079	1.101	1.082	0.039	1.097	0.036	0.036	1.070	1.089	1.101	1.089	0.038	1.089	0.037	0.037	0.036	0.036	0.035	0.035	0.035	0.034	0.036
58:59:43	25.1	0.034	0.034	0.035	0.035	0.036	0.036	0.036	0.036	0.036	0.038	0.038	0.037	0.039	0.038	1.100	0.034	0.035	0.061	0.062	0.065	0.067	0.038	1.111	0.035	0.035	1.057	1.077	1.099	1.082	0.039	1.095	0.036	0.036	1.068	1.088	1.099	1.087	0.038	1.087	0.037	0.037	0.036	0.036	0.036	0.035	0.035	0.034	0.036
59:29:43	25.1	0.034	0.034	0.035	0.035	0.036	0.036	0.036	0.036	0.036	0.038	0.038	0.037	0.039	0.038	1.097	0.034	0.035	0.061	0.062	0.065	0.067	0.038	1.109	0.035	0.035	1.055	1.076	1.098	1.080	0.038	1.095	0.036	0.035	1.066	1.086	1.097	1.086	0.038	1.086	0.037	0.036	0.036	0.036	0.035	0.035	0.035	0.034	0.035
59:59:43	25.1	0.034	0.034	0.035	0.035	0.036	0.036	0.035	0.036	0.036	0.037	0.038	0.037	0.039	0.038	1.097	0.034	0.035	0.061	0.062	0.065	0.067	0.038	1.109	0.035	0.035	1.053	1.074	1.097	1.080	0.039	1.093	0.035	0.035	1.064	1.085	1.096	1.084	0.038	1.084	0.037	0.037	0.036	0.036	0.035	0.035	0.035	0.034	0.036
60:29:43	25.1	0.034	0.034	0.035	0.035	0.036	0.036	0.035	0.036	0.036	0.037	0.038	0.037	0.039	0.038	1.097	0.034	0.035	0.061	0.062	0.065	0.067	0.038	1.107	0.035	0.035	1.051	1.072	1.096	1.077	0.038	1.091	0.035	0.035	1.062	1.083	1.094	1.082	0.038	1.083	0.037	0.036	0.036	0.036	0.035	0.035	0.034	0.034	0.035
60:59:43	25.1	0.034	0.034	0.035	0.035	0.036	0.036	0.035	0.036	0.036	0.038	0.038	0.037	0.039	0.038	1.094	0.034	0.035	0.061	0.062	0.065	0.067	0.038	1.106	0.035	0.035	1.049	1.071	1.094	1.076	0.039	1.089	0.036	0.035	1.060	1.081	1.092	1.081	0.038	1.080	0.037	0.036	0.036	0.036	0.035	0.035	0.035	0.034	0.035
61:29:43	25.1	0.034	0.034	0.035	0.036	0.036	0.036	0.036	0.036	0.036	0.038	0.038	0.037	0.039	0.038	1.093	0.034	0.035	0.061	0.062	0.065	0.067	0.038	1.104	0.035	0.035	1.048	1.070	1.094	1.074	0.039	1.089	0.035	0.035	1.058	1.079	1.091	1.079	0.038	1.079	0.037	0.036	0.036	0.036	0.035	0.035	0.035	0.034	0.036
61:59:43	25.1	0.034	0.034	0.035	0.035	0.036	0.036	0.035	0.036	0.036	0.038	0.038	0.037	0.039	0.038	1.093	0.034	0.035	0.061	0.062	0.065	0.067	0.038	1.104	0.035	0.035	1.046	1.069	1.092	1.074	0.038	1.088	0.035	0.035	1.056	1.077	1.089	1.077	0.038	1.078	0.037	0.036	0.036	0.036	0.035	0.035	0.034	0.034	0.035
62:29:43	25.1	0.034	0.034	0.035	0.035	0.036	0.036	0.036	0.036	0.036	0.038	0.038	0.037	0.039	0.038	1.090	0.034	0.035	0.061	0.062	0.065	0.067	0.038	1.102	0.035	0.035	1.044	1.067	1.092	1.072	0.039	1.085	0.035	0.035	1.054	1.076	1.087	1.076	0.038	1.076	0.037	0.036	0.036	0.036	0.035	0.035	0.034	0.034	0.035
62:59:43	25.1	0.034	0.034	0.035	0.035	0.036	0.036	0.036	0.036	0.036	0.038	0.038	0.037	0.039	0.038	1.089	0.034	0.035	0.061	0.062	0.065	0.067	0.038	1.101	0.035	0.035	1.042	1.066	1.089	1.071	0.039	1.085	0.035	0.035	1.052	1.074	1.085	1.074	0.038	1.075	0.037	0.036	0.036	0.036	0.035	0.035	0.035	0.034	0.036
63:29:43	25.1	0.034	0.034	0.035	0.035	0.036	0.036	0.036	0.035	0.036	0.037	0.038	0.037	0.039	0.038	1.088	0.034	0.035	0.060	0.062	0.065	0.067	0.038	1.099	0.035	0.035	1.041	1.065	1.089	1.070	0.039	1.084	0.035	0.035	1.050	1.073	1.084	1.072	0.038	1.073	0.037	0.036	0.036	0.036	0.035	0.035	0.034	0.034	0.035
63:59:43	25.1	0.034	0.034	0.035	0.035	0.036	0.036	0.036	0.035	0.036	0.037	0.038	0.037	0.039	0.038	1.087	0.034	0.035	0.061	0.062	0.065	0.067	0.038	1.098	0.035	0.035	1.039	1.063	1.088	1.069	0.038	1.083	0.036	0.035	1.049	1.071	1.083	1.071	0.038	1.071	0.037	0.036	0.036	0.036	0.035	0.035	0.034	0.034	0.035
64:29:43	25.1	0.034	0.034	0.035	0.035	0.036	0.036	0.035	0.036	0.036	0.037	0.038	0.037	0.039	0.037	1.086	0.034	0.035	0.060	0.062	0.065	0.067	0.038	1.097	0.035	0.035	1.037	1.062	1.087	1.067	0.038	1.081	0.035	0.035	1.047	1.069	1.081	1.069	0.038	1.070	0.037	0.036	0.036	0.036	0.035	0.035	0.034	0.034	0.035
64:59:43	25.1	0.034	0.034	0.035	0.035	0.036	0.036	0.036	0.036	0.036	0.037	0.038	0.037	0.039	0.038	1.084	0.034	0.035	0.061	0.062	0.065	0.067	0.038	1.096	0.035	0.035	1.035	1.061	1.085	1.066	0.039	1.080	0.036	0.035	1.045	1.068	1.080	1.067	0.038	1.069	0.037	0.036	0.036	0.036	0.035	0.035	0.034	0.034	0.036
65:29:43	25.1	0.034	0.034	0.035	0.035	0.036	0.036	0.036	0.036	0.036	0.038	0.038	0.037	0.039	0.038	1.083	0.034	0.035	0.060	0.062	0.065	0.067	0.038	1.095	0.035	0.035	1.033	1.059	1.084	1.066	0.038	1.078	0.035	0.035	1.044	1.066	1.078	1.066	0.038	1.067	0.037	0.036	0.036	0.036	0.035	0.035	0.034	0.034	0.035
65:59:43	25.1	0.034	0.034	0.035	0.035	0.036	0.036	0.036	0.036	0.036	0.037	0.038	0.037	0.039	0.038	1.082	0.034	0.035	0.061	0.062	0.065	0.067	0.038	1.094	0.035	0.035	1.032	1.057	1.082	1.064	0.039	1.077	0.035	0.035	1.042	1.064	1.077	1.064	0.038	1.065	0.037	0.036	0.036	0.036	0.035	0.035	0.034	0.034	0.035
66:29:43	25.1	0.034	0.034	0.035	0.036	0.036	0.036	0.036	0.035	0.036	0.037	0.038	0.037	0.039	0.038	1.081	0.034	0.035	0.061	0.062	0.065	0.066	0.038	1.092	0.035	0.035	1.030	1.056	1.082	1.063	0.038	1.075	0.035	0.035	1.040	1.063	1.075	1.063	0.038	1.064	0.037	0.036	0.036	0.036	0.035	0.035	0.034	0.034	0.035
66:59:43	25.1	0.034	0.034	0.035	0.035	0.036	0.036	0.036	0.035	0.036	0.037	0.038	0.037	0.039	0.038	1.079	0.034	0.035	0.060	0.062	0.065	0.067	0.038	1.091	0.035	0.035	1.028	1.055	1.081	1.062	0.038	1.074	0.035	0.035	1.038	1.061	1.073	1.061	0.038	1.062	0.037	0.036	0.035	0.036	0.035	0.035	0.034	0.034	0.035
67:29:43	25.1	0.034	0.034	0.035	0.035	0.036	0.036	0.035	0.036	0.036	0.037	0.038	0.037	0.039	0.038	1.078	0.034	0.035	0.061	0.062	0.065	0.067	0.038	1.091	0.035	0.035	1.026	1.053	1.079	1.060	0.038	1.073	0.035	0.035	1.036	1.059	1.072	1.060	0.038	1.060	0.037	0.036	0.036	0.036	0.035	0.035	0.034	0.034	0.035
67:59:43	25.1	0.034	0.034	0.035	0.035	0.036	0.036	0.035	0.036	0.036	0.038	0.038	0.037	0.039	0.038	1.077	0.034	0.035	0.060	0.062	0.065	0.067	0.038	1.089	0.035	0.035	1.025	1.052	1.078	1.059	0.038	1.072	0.035	0.035	1.034	1.057	1.070	1.058	0.038	1.059	0.036	0.036	0.036	0.036	0.035	0.035	0.034	0.034	0.035
68:29:43	25.1	0.034	0.034	0.035	0.035	0.036	0.036	0.035	0.035	0.036	0.037	0.038	0.037	0.039	0.037	1.075	0.034	0.035	0.061	0.062	0.065	0.067	0.038	1.088	0.035	0.035	1.023	1.050	1.077	1.058	0.039	1.070	0.035	0.035	1.032	1.056	1.068	1.056	0.038	1.057	0.037	0.036	0.036	0.036	0.035	0.035	0.034	0.034	0.035
68:59:43	25.1	0.034	0.034	0.035	0.035	0.036	0.036	0.035	0.035	0.036	0.037	0.038	0.037	0.039	0.037	1.074	0.033	0.035	0.061	0.062	0.065	0.066	0.038	1.087	0.035	0.035	1.021	1.048	1.075	1.056	0.038	1.069	0.035	0.035	1.031	1.055	1.067	1.055	0.038	1.057	0.037	0.036	0.036	0.036	0.035	0.035	0.034	0.034	0.035
69:29:43	25.1	0.034	0.034	0.035	0.035	0.036	0.036	0.035	0.036	0.036	0.037	0.038	0.037	0.039	0.037	1.073	0.034	0.035	0.060	0.062	0.065	0.066	0.038	1.085	0.035	0.035	1.020	1.047	1.074	1.056	0.038	1.068	0.035	0.035	1.029	1.054	1.066	1.054	0.038	1.055	0.036	0.036	0.035	0.036	0.035	0.035	0.034	0.034	0.035
69:59:43	25.1	0.034	0.034	0.035	0.035	0.036	0.036	0.036	0.035	0.036	0.038	0.038	0.037	0.039	0.038	1.072	0.034	0.035	0.061	0.062	0.065	0.066	0.038	1.085	0.035	0.035	1.018	1.046	1.073	1.054	0.038	1.068	0.035	0.035	1.028	1.052	1.064	1.052	0.038	1.053	0.037	0.036	0.036	0.036	0.035	0.035	0.034	0.034	0.035
70:29:43	25.1	0.034	0.034	0.035	0.035	0.036	0.036	0.035	0.035	0.036	0.037	0.038	0.037	0.039	0.037	1.071	0.034	0.035	0.060	0.062	0.065	0.066	0.038	1.083	0.035	0.035	1.016	1.044	1.071	1.053	0.038	1.066	0.035	0.035	1.026	1.051	1.063	1.051	0.038	1.052	0.037	0.036	0.035	0.036	0.035	0.035	0.034	0.034	0.035
70:59:43	25.1	0.035	0.034	0.035	0.035	0.036	0.036	0.036	0.035	0.036	0.037	0.038	0.037	0.039	0.038	1.070	0.034	0.035	0.061	0.062	0.065	0.067	0.038	1.082	0.035	0.035	1.016	1.043	1.071	1.052	0.038	1.065	0.036	0.035	1.025	1.050	1.062	1.050	0.038	1.051	0.037	0.036	0.035	0.036	0.035	0.035	0.034	0.034	0.036
71:29:43	25.1	0.034	0.034	0.035	0.035	0.036	0.036	0.035	0.035	0.036	0.037	0.038	0.037	0.039	0.037	1.070	0.034	0.035	0.061	0.062	0.065	0.066	0.038	1.082	0.035	0.035	1.014	1.041	1.069	1.051	0.038	1.064	0.035	0.035	1.024	1.048	1.061	1.048	0.038	1.049	0.036	0.036	0.035	0.036	0.035	0.035	0.034	0.034	0.035
71:59:43	25.1	0.034	0.034	0.035	0.035	0.036	0.036	0.035	0.035	0.036	0.037	0.038	0.037	0.039	0.037	1.067	0.034	0.035	0.060	0.062	0.065	0.066	0.038	1.081	0.035	0.035	1.012	1.041	1.068	1.051	0.038	1.063	0.035	0.035	1.021	1.047	1.059	1.046	0.038	1.049	0.037	0.036	0.035	0.036	0.035	0.035	0.034	0.034	0.035
72:29:43	25.1	0.034	0.034	0.035	0.035	0.036	0.036	0.035	0.035	0.036	0.037	0.038	0.037	0.039	0.038	1.067	0.034	0.035	0.061	0.062	0.065	0.067	0.038	1.079	0.035	0.035	1.009	1.036	1.065	1.046	0.038	1.061	0.035	0.035	1.021	1.045	1.057	1.044	0.038	1.047	0.036	0.036	0.035	0.036	0.035	0.035	0.034	0.034	0.035
72:59:43	25.1	0.034	0.034	0.035	0.035	0.036	0.036	0.035	0.035	0.036	0.037	0.038	0.037	0.039	0.038	1.066	0.034	0.035	0.060	0.062	0.065	0.066	0.038	1.079	0.035	0.035	1.009	1.036	1.065	1.047	0.038	1.061	0.035	0.035	1.021	1.045	1.057	1.044	0.038	1.047	0.036	0.036	0.035	0.036	0.035	0.035	0.034	0.034	0.035
73:29:43	25.1	0.034	0.034	0.035	0.035	0.036	0.036	0.035	0.035	0.036	0.037	0.038	0.037	0.039	0.037	1.067	0.034	0.035	0.061	0.062	0.065	0.066	0.038	1.079	0.035	0.035	1.007	1.035	1.063	1.044	0.038	1.062	0.035	0.035	1.019	1.043	1.056	1.043	0.038	1.045	0.036	0.036	0.035	0.036	0.035	0.035	0.034	0.034	0.035
73:59:43	25.0	0.034	0.034	0.035	0.035	0.036	0.036	0.036	0.035	0.036	0.037	0.038	0.037	0.039	0.038	1.065	0.034	0.035	0.060	0.062	0.065	0.066	0.038	1.077	0.035	0.035	1.006	1.034	1.063	1.044	0.038	1.060	0.035	0.035	1.017	1.042	1.054	1.041	0.038	1.044	0.036	0.036	0.035	0.036	0.035	0.035	0.034	0.034	0.035
74:29:43	25.0	0.034	0.034	0.035	0.035	0.036	0.036	0.035	0.035	0.036	0.037	0.038	0.037	0.039	0.038	1.063	0.034	0.035	0.060	0.062	0.065	0.066	0.038	1.077	0.035	0.035	1.005	1.033	1.062	1.043	0.038	1.058	0.035	0.035	1.015	1.040	1.053	1.039	0.038	1.044	0.037	0.036	0.036	0.036	0.035	0.035	0.034	0.034	0.035
74:59:43	25.0	0.035	0.034	0.035	0.035	0.036	0.036	0.035	0.035	0.036	0.037	0.038	0.037	0.039	0.037	1.062	0.033	0.035	0.060	0.062	0.065	0.066	0.038	1.077	0.035	0.035	1.005	1.032	1.061	1.043	0.038	1.058	0.035	0.035	1.015	1.040	1.052	1.039	0.038	1.042	0.036	0.036	0.035	0.036	0.035	0.034	0.034	0.034	0.035
75:29:43	25.0	0.034	0.034	0.035	0.035	0.036	0.036	0.035	0.035	0.036	0.037	0.038	0.037	0.039	0.038	1.062	0.034	0.035	0.060	0.062	0.065	0.066	0.038	1.075	0.035	0.035	1.003	1.030	1.061	1.041	0.038	1.057	0.035	0.035	1.013	1.037	1.050	1.037	0.038	1.041	0.036	0.035	0.035	0.036	0.035	0.035	0.034	0.034	0.035
75:59:43	25.0	0.034	0.034	0.035	0.035	0.036	0.036	0.035	0.035	0.036	0.037	0.038	0.037	0.039	0.037	1.062	0.033	0.035	0.060	0.062	0.065	0.066	0.038	1.075	0.035	0.034	1.003	1.030	1.060	1.042	0.038	1.057	0.035	0.035	1.012	1.037	1.049	1.036	0.038	1.040	0.037	0.035	0.035	0.036	0.035	0.035	0.034	0.034	0.035
76:29:43	25.0	0.035	0.034	0.035	0.035	0.036	0.036	0.035	0.035	0.036	0.037	0.038	0.037	0.039	0.038	1.062	0.034	0.035	0.061	0.062	0.065	0.067	0.038	1.075	0.035	0.034	1.002	1.030	1.059	1.041	0.038	1.056	0.035	0.035	1.012	1.036	1.049	1.036	0.038	1.040	0.036	0.035	0.036	0.036	0.035	0.035	0.034	0.034	0.035
76:59:43	25.0	0.034	0.034	0.035	0.035	0.036	0.036	0.035	0.035	0.036	0.037	0.038	0.037	0.039	0.037	1.062	0.033	0.035	0.060	0.062	0.065	0.066	0.038	1.074	0.035	0.034	1.001	1.028	1.058	1.040	0.038	1.055	0.035	0.035	1.010	1.035	1.047	1.035	0.038	1.039	0.036	0.035	0.035	0.036	0.035	0.034	0.034	0.034	0.035
77:29:43	25.0	0.035	0.034	0.035	0.035	0.036	0.036	0.035	0.035	0.036	0.037	0.038	0.037	0.039	0.038	1.061	0.033	0.035	0.061	0.062	0.065	0.066	0.038	1.073	0.035	0.034	1.000	1.028	1.058	1.040	0.038	1.053	0.035	0.035	1.009	1.034	1.047	1.033	0.038	1.038	0.036	0.035	0.035	0.036	0.035	0.035	0.034	0.034	0.035
77:59:43	25.0	0.034	0.034	0.035	0.035	0.036	0.036	0.035	0.035	0.036	0.037	0.038	0.037	0.039	0.038	1.059	0.033	0.035	0.060	0.062	0.064	0.066	0.038	1.072	0.035	0.034	1.000	1.027	1.057	1.039	0.038	1.053	0.035	0.035	1.008	1.032	1.045	1.032	0.038	1.037	0.036	0.035	0.035	0.036	0.035	0.035	0.034	0.034	0.035
78:29:43	25.0	0.035	0.034	0.035	0.035	0.036	0.036	0.035	0.035	0.036	0.037	0.038	0.037	0.039	0.038	1.058	0.034	0.035	0.060	0.062	0.064	0.066	0.038	1.071	0.035	0.034	0.999	1.026	1.056	1.039	0.038	1.053	0.035	0.035	1.006	1.032	1.044	1.031	0.038	1.034	0.036	0.035	0.035	0.036	0.035	0.035	0.034	0.034	0.036
78:59:43	25.0	0.035	0.034	0.035	0.035	0.036	0.036	0.035	0.035	0.036	0.037	0.038	0.037	0.039	0.037	1.056	0.034	0.035	0.060	0.062	0.063	0.066	0.038	1.071	0.035	0.034	0.998	1.025	1.055	1.038	0.038	1.052	0.035	0.035	1.005	1.031	1.043	1.030	0.038	1.035	0.036	0.035	0.035	0.036	0.035	0.035	0.034	0.034	0.035
79:29:43	25.0	0.034	0.034	0.035	0.035	0.036	0.036	0.035	0.035	0.036	0.037	0.038	0.037	0.039	0.037	1.056	0.033	0.035	0.060	0.062	0.063	0.066	0.038	1.070	0.035	0.034	0.997	1.023	1.055	1.037	0.038	1.052	0.035	0.035	1.003	1.029	1.042	1.028	0.038	1.033	0.036	0.035	0.035	0.036	0.035	0.035	0.034	0.034	0.035
79:59:43	25.0	0.034	0.034	0.035	0.035	0.036	0.036	0.035	0.035	0.036	0.037	0.038	0.037	0.039	0.037	1.055	0.033	0.035	0.060	0.062	0.063	0.066	0.038	1.069	0.035	0.034	0.996	1.023	1.055	1.036	0.038	1.049	0.035	0.035	1.002	1.028	1.040	1.027	0.037	1.031	0.036	0.035	0.035	0.036	0.035	0.035	0.034	0.034	0.035
80:29:43	25.0	0.035	0.034	0.035	0.035	0.036	0.036	0.035	0.035	0.036	0.037	0.038	0.037	0.039	0.038	1.055	0.034	0.035	0.060	0.062	0.064	0.066	0.038	1.067	0.035	0.034	0.995	1.021	1.054	1.035	0.038	1.049	0.035	0.035	1.000	1.026	1.039	1.026	0.038	1.030	0.037	0.035	0.035	0.036	0.035	0.034	0.034	0.034	0.035
80:59:43	25.0	0.035	0.034	0.035	0.035	0.036	0.036	0.035	0.035	0.036	0.037	0.038	0.037	0.039	0.037	1.052	0.033	0.035	0.060	0.062	0.063	0.066	0.038	1.066	0.035	0.034	0.993	1.020	1.052	1.034	0.038	1.047	0.035	0.035	0.998	1.025	1.037	1.024	0.038	1.029	0.036	0.035	0.035	0.036	0.035	0.034	0.034	0.034	0.036
81:29:43	25.0	0.035	0.034	0.035	0.035	0.036	0.036	0.035	0.035	0.036	0.037	0.038	0.037	0.039	0.037	1.051	0.033	0.035	0.060	0.062	0.063	0.066	0.038	1.066	0.035	0.034	0.991	1.019	1.051	1.034	0.038	1.046	0.035	0.035	0.996	1.023	1.036	1.023	0.038	1.027	0.036	0.035	0.035	0.036	0.035	0.034	0.034	0.034	0.036
81:59:43	25.0	0.035	0.034	0.035	0.035	0.036	0.036	0.035	0.035	0.036	0.037	0.038	0.037	0.039	0.037	1.050	0.033	0.035	0.060	0.062	0.063	0.066	0.038	1.064	0.035	0.034	0.990	1.018	1.050	1.033	0.038	1.045	0.035	0.035	0.994	1.022	1.034	1.021	0.037	1.025	0.036	0.035	0.035	0.036	0.035	0.035	0.034	0.034	0.035
82:29:43	25.0	0.035	0.034	0.035	0.035	0.035	0.036	0.035	0.035	0.036	0.037	0.037	0.037	0.039	0.037	1.049	0.033	0.035	0.060	0.062	0.063	0.066	0.038	1.062	0.035	0.034	0.989	1.017	1.050	1.032	0.038	1.044	0.035	0.035	0.991	1.020	1.033	1.019	0.037	1.024	0.036	0.035	0.035	0.036	0.035	0.034	0.034	0.034	0.036
82:59:43	25.0	0.035	0.034	0.035	0.035	0.036	0.036	0.035	0.035	0.036	0.037	0.038	0.037	0.039	0.038	1.049	0.033	0.035	0.060	0.062	0.063	0.066	0.038	1.062	0.035	0.034	0.988	1.016	1.049	1.031	0.038	1.042	0.035	0.035	0.989	1.018	1.031	1.017	0.038	1.023	0.036	0.035	0.035	0.036	0.035	0.034	0.034	0.034	0.036
83:29:43	25.0	0.035	0.034	0.035	0.035	0.036	0.036	0.035	0.035	0.035	0.037	0.038	0.037	0.039	0.037	1.047	0.033	0.035	0.060	0.062	0.063	0.066	0.038	1.060	0.035	0.034	0.986	1.015	1.047	1.030	0.038	1.040	0.035	0.035	0.987	1.017	1.029	1.016	0.037	1.021	0.036	0.035	0.035	0.036	0.035	0.034	0.034	0.034	0.036
83:59:43	25.0	0.035	0.034	0.035	0.035	0.036	0.036	0.035	0.035	0.036	0.037	0.038	0.037	0.039	0.037	1.046	0.034	0.035	0.060	0.062	0.063	0.066	0.038	1.060	0.035	0.034	0.984	1.013	1.046	1.030	0.038	1.039	0.035	0.035	0.985	1.015	1.028	1.014	0.038	1.019	0.036	0.035	0.035	0.036	0.035	0.034	0.034	0.034	0.036
84:29:43	25.0	0.035	0.034	0.035	0.035	0.036	0.036	0.035	0.035	0.036	0.037	0.038	0.037	0.039	0.037	1.045	0.033	0.035	0.060	0.062	0.063	0.066	0.038	1.059	0.035	0.034	0.982	1.013	1.046	1.029	0.038	1.039	0.035	0.035	0.982	1.013	1.026	1.012	0.037	1.018	0.036	0.035	0.035	0.036	0.035	0.034	0.034	0.034	0.036
84:59:43	25.0	0.035	0.034	0.035	0.035	0.036	0.036	0.035	0.035	0.036	0.037	0.038	0.037	0.039	0.037	1.045	0.034	0.035	0.060	0.062	0.063	0.066	0.038	1.057	0.035	0.034	0.981	1.011	1.045	1.028	0.038	1.038	0.035	0.035	0.980	1.011	1.024	1.011	0.038	1.016	0.036	0.035	0.035	0.036	0.035	0.035	0.034	0.034	0.036
85:29:43	25.0	0.035	0.034	0.035	0.035	0.036	0.036	0.035	0.035	0.035	0.037	0.038	0.037	0.039	0.037	1.043	0.034	0.035	0.060	0.062	0.063	0.066	0.038	1.057	0.035	0.033	0.980	1.010	1.043	1.027	0.038	1.037	0.035	0.035	0.978	1.010	1.023	1.008	0.038	1.014	0.036	0.035	0.035	0.036	0.035	0.034	0.034	0.034	0.036
85:59:43	25.0	0.035	0.034	0.035	0.035	0.036	0.036	0.035	0.035	0.035	0.037	0.038	0.037	0.039	0.037	1.040	0.033	0.035	0.060	0.062	0.063	0.066	0.038	1.055	0.035	0.033	0.978	1.009	1.042	1.025	0.038	1.035	0.035	0.035	0.975	1.007	1.021	1.007	0.038	1.012	0.036	0.035	0.035	0.036	0.035	0.034	0.034	0.034	0.036
86:29:43	25.0	0.035	0.034	0.035	0.035	0.036	0.036	0.035	0.035	0.035	0.037	0.038	0.037	0.039	0.037	1.039	0.033	0.035	0.060	0.062	0.063	0.066	0.038	1.054	0.035	0.033	0.976	1.008	1.041	1.025	0.038	1.033	0.035	0.035	0.973	1.006	1.019	1.005	0.037	1.011	0.036	0.036	0.035	0.036	0.035	0.034	0.034	0.034	0.036
86:59:43	25.0	0.035	0.034	0.035	0.035	0.036	0.036	0.035	0.035	0.036	0.037	0.038	0.037	0.039	0.037	1.039	0.033	0.035	0.060	0.062	0.063	0.066	0.038	1.052	0.035	0.033	0.975	1.007	1.039	1.024	0.038	1.032	0.035	0.035	0.970	1.004	1.018	1.004	0.038	1.009	0.036	0.036	0.035	0.036	0.035	0.035	0.034	0.034	0.036
87:29:43	25.0	0.035	0.034	0.035	0.035	0.036	0.036	0.035	0.035	0.036	0.037	0.038	0.037	0.039	0.037	1.039	0.033	0.035	0.060	0.062	0.063	0.066	0.038	1.052	0.035	0.033	0.973	1.006	1.038	1.023	0.038	1.031	0.035	0.035	0.969	1.002	1.016	1.002	0.037	1.007	0.036	0.036	0.035	0.036	0.035	0.035	0.034	0.034	0.036
87:59:43	25.0	0.035	0.034	0.035	0.035	0.036	0.036	0.035	0.035	0.035	0.037	0.038	0.037	0.039	0.037	1.037	0.033	0.035	0.060	0.062	0.063	0.066	0.038	1.050	0.035	0.033	0.972	1.005	1.038	1.022	0.038	1.030	0.035	0.034	0.966	1.000	1.014	1.000	0.037	1.006	0.036	0.036	0.035	0.036	0.035	0.034	0.034	0.034	0.036
88:29:43	25.0	0.035	0.034	0.035	0.035	0.035	0.036	0.035	0.035	0.035	0.037	0.038	0.037	0.038	0.037	1.036	0.033	0.035	0.060	0.061	0.063	0.066	0.038	1.049	0.035	0.033	0.971	1.004	1.036	1.021	0.038	1.028	0.035	0.034	0.964	0.998	1.013	0.999	0.037	1.004	0.036	0.036	0.035	0.035	0.035	0.034	0.034	0.034	0.036
88:59:43	25.0	0.035	0.034	0.035	0.035	0.036	0.036	0.035	0.035	0.036	0.037	0.038	0.037	0.039	0.038	1.035	0.034	0.035	0.060	0.062	0.063	0.066	0.038	1.049	0.035	0.033	0.969	1.003	1.036	1.020	0.038	1.029	0.035	0.035	0.962	0.996	1.011	0.998	0.038	1.002	0.036	0.036	0.035	0.036	0.035	0.035	0.034	0.034	0.036
89:29:43	25.0	0.035	0.034	0.035	0.035	0.036	0.036	0.035	0.035	0.035	0.037	0.038	0.037	0.039	0.037	1.034	0.033	0.035	0.060	0.062	0.063	0.066	0.038	1.047	0.035	0.033	0.968	1.002	1.034	1.019	0.038	1.026	0.035	0.034	0.960	0.995	1.009	0.996	0.037	1.001	0.036	0.036	0.035	0.036	0.035	0.035	0.034	0.034	0.036
89:59:43	25.0	0.035	0.034	0.035	0.035	0.036	0.036	0.035	0.035	0.035	0.037	0.038	0.037	0.039	0.037	1.033	0.033	0.035	0.060	0.061	0.063	0.066	0.038	1.047	0.035	0.033	0.966	1.001	1.033	1.018	0.038	1.025	0.035	0.034	0.957	0.992	1.008	0.994	0.037	0.999	0.036	0.036	0.035	0.035	0.035	0.035	0.034	0.034	0.036
90:29:43	25.0	0.035	0.034	0.035	0.035	0.036	0.036	0.035	0.035	0.035	0.037	0.038	0.037	0.039	0.037	1.030	0.033	0.035	0.060	0.061	0.063	0.066	0.038	1.044	0.035	0.033	0.966	1.000	1.032	1.018	0.038	1.024	0.035	0.034	0.955	0.991	1.006	0.993	0.037	0.998	0.036	0.036	0.034	0.036	0.035	0.034	0.034	0.034	0.036
90:59:43	25.1	0.035	0.034	0.035	0.035	0.036	0.036	0.035	0.035	0.036	0.037	0.038	0.037	0.039	0.037	1.030	0.033	0.036	0.060	0.061	0.063	0.066	0.038	1.044	0.035	0.033	0.964	0.999	1.031	1.016	0.038	1.024	0.035	0.034	0.952	0.989	1.004	0.991	0.038	0.996	0.036	0.036	0.035	0.036	0.035	0.035	0.034	0.034	0.036
91:29:43	25.1	0.035	0.034	0.035	0.035	0.036	0.036	0.035	0.035	0.036	0.037	0.038	0.037	0.039	0.037	1.030	0.033	0.036	0.060	0.061	0.063	0.066	0.038	1.042	0.035	0.032	0.963	0.998	1.030	1.015	0.038	1.021	0.035	0.034	0.951	0.988	1.003	0.990	0.038	0.994	0.036	0.036	0.035	0.035	0.035	0.035	0.034	0.034	0.036
91:59:43	25.1	0.035	0.034	0.035	0.035	0.036	0.036	0.035	0.035	0.035	0.037	0.038	0.037	0.039	0.037	1.027	0.033	0.036	0.060	0.061	0.063	0.066	0.038	1.042	0.035	0.033	0.962	0.997	1.029	1.014	0.038	1.020	0.035	0.034	0.948	0.986	1.002	0.988	0.038	0.992	0.036	0.036	0.034	0.036	0.035	0.035	0.034	0.034	0.036
92:29:43	25.1	0.035	0.034	0.035	0.035	0.036	0.036	0.035	0.034	0.035	0.037	0.038	0.037	0.039	0.037	1.027	0.033	0.036	0.060	0.061	0.063	0.066	0.038	1.040	0.035	0.032	0.961	0.996	1.027	1.014	0.038	1.018	0.035	0.034	0.946	0.985	1.000	0.987	0.038	0.991	0.036	0.036	0.034	0.035	0.035	0.035	0.034	0.034	0.036
92:59:43	25.1	0.035	0.034	0.035	0.035	0.036	0.036	0.035	0.034	0.035	0.037	0.038	0.037	0.039	0.037	1.025	0.033	0.036	0.060	0.061	0.063	0.066	0.038	1.040	0.035	0.032	0.959	0.995	1.026	1.012	0.038	1.018	0.035	0.034	0.945	0.983	0.999	0.986	0.037	0.989	0.036	0.036	0.034	0.036	0.035	0.035	0.034	0.035	0.036
93:29:43	25.1	0.035	0.034	0.035	0.035	0.036	0.036	0.035	0.034	0.036	0.037	0.038	0.037	0.039	0.037	1.025	0.033	0.036	0.060	0.061	0.063	0.066	0.038	1.039	0.035	0.032	0.958	0.995	1.026	1.011	0.038	1.018	0.035	0.034	0.944	0.982	0.998	0.984	0.037	0.988	0.036	0.036	0.034	0.036	0.035	0.035	0.034	0.035	0.036
93:59:43	25.1	0.035	0.034	0.035	0.035	0.036	0.036	0.035	0.034	0.035	0.037	0.038	0.037	0.039	0.037	1.024	0.033	0.036	0.060	0.061	0.063	0.066	0.038	1.038	0.035	0.032	0.957	0.993	1.025	1.010	0.038	1.016	0.035	0.034	0.942	0.980	0.997	0.983	0.037	0.986	0.036	0.036	0.034	0.036	0.035	0.035	0.034	0.035	0.036
94:29:43	25.1	0.035	0.034	0.035	0.035	0.036	0.036	0.035	0.034	0.035	0.037	0.038	0.037	0.039	0.037	1.023	0.033	0.036	0.060	0.061	0.063	0.066	0.038	1.038	0.035	0.032	0.956	0.992	1.023	1.010	0.038	1.015	0.035	0.034	0.940	0.979	0.995	0.982	0.037	0.984	0.036	0.036	0.034	0.035	0.035	0.035	0.034	0.035	0.035
94:59:43	25.1	0.035	0.034	0.035	0.035	0.035	0.036	0.035	0.034	0.035	0.037	0.037	0.037	0.039	0.037	1.022	0.033	0.036	0.059	0.061	0.063	0.066	0.038	1.037	0.035	0.032	0.954	0.991	1.023	1.008	0.038	1.014	0.035	0.034	0.938	0.977	0.994	0.981	0.037	0.983	0.036	0.036	0.034	0.035	0.035	0.035	0.034	0.035	0.035
0:00:00																																																	
0:00:00																																																	
0:00:00																																																	
0:00:00																																																	
0:00:00																																																	
0:00:00																																																	
0:00:00																																																	
0:00:00																																																	
0:00:00																																																	
0:00:00																																																	
0:00:00																																																	
0:00:00																																																	
0:00:00																																																	
0:00:00																																																	
0:00:00																																																	
0:00:00																																																	
0:00:00																																																	
0:00:00																																																	
0:00:00																																																	
0:00:00																																																	
0:00:00																																																	
0:00:00																																																	
0:00:00																																																	
0:00:00																																																	
0:00:00																																																	
0:00:00																																																	
0:00:00																																																	
0:00:00																																																	
0:00:00																																																	
0:00:00																																																	
0:00:00																																																	
0:00:00																																																	
0:00:00																																																	
0:00:00																																																	
0:00:00																																																	
0:00:00																																																	
0:00:00																																																	
0:00:00																																																	
0:00:00																																																	
0:00:00																																																	
0:00:00																																																	
0:00:00																																																	
0:00:00																																																	
0:00:00																																																	
0:00:00																																																	
0:00:00																																																	
0:00:00																																																	
0:00:00																																																	
0:00:00																																																	
0:00:00																																																	
0:00:00																																																	

Results
	1	2	3	4	5	6	7	8
A	-0.027	-0.010	-0.010	0.010	0.010	-0.010	-0.010	-0.013	Max V [Read 2:600]
	1.000	1.000	1.000	1.000	1.000	1.000	1.000	1.000	R-Squared [Read 2:600]
	0:44:43	52:44:43	71:14:43	51:44:43	53:14:43	49:44:43	54:44:43	21:14:43	t at Max V [Read 2:600]
	0:29:43	51:59:43	70:29:43	52:59:43	54:19:43	48:39:43	53:49:43	20:22:13	Lagtime [Read 2:600]
B	-0.010	-0.010	-0.010	-0.010	-0.013	-0.007	2.593	-0.010	Max V [Read 2:600]
	1.000	1.000	1.000	1.000	1.000	1.000	1.000	1.000	R-Squared [Read 2:600]
	61:44:43	14:14:43	21:14:43	11:44:43	61:44:43	68:14:43	12:44:43	45:14:43	t at Max V [Read 2:600]
	58:39:43	13:49:43	20:59:43	11:39:43	60:37:13	67:14:43	9:23:10	43:49:43	Lagtime [Read 2:600]
C	-0.010	-0.030	-0.050	0.047	0.043	-0.010	2.643	-0.010	Max V [Read 2:600]
	1.000	1.000	1.000	1.000	1.000	1.000	1.000	1.000	R-Squared [Read 2:600]
	56:44:43	73:44:43	42:44:43	0:44:43	0:44:43	85:14:43	12:14:43	54:44:43	t at Max V [Read 2:600]
	53:49:43	75:03:03	43:45:43	0:29:43	0:29:43	84:29:43	9:25:24	54:09:43	Lagtime [Read 2:600]
D	-0.013	2.667	2.717	2.633	2.817	-0.010	2.613	-0.013	Max V [Read 2:600]
	1.000	1.000	1.000	1.000	1.000	1.000	1.000	1.000	R-Squared [Read 2:600]
	85:14:43	12:44:43	12:14:43	11:14:43	14:14:43	50:14:43	12:14:43	71:14:43	t at Max V [Read 2:600]
	82:07:13	9:56:41	9:56:15	8:36:15	10:03:37	49:09:43	9:34:48	68:22:13	Lagtime [Read 2:600]
E	-0.010	2.657	2.693	2.747	2.773	0.010	2.630	0.010	Max V [Read 2:600]
	1.000	1.000	1.000	1.000	1.000	1.000	1.000	1.000	R-Squared [Read 2:600]
	89:14:43	18:14:43	12:14:43	12:14:43	12:14:43	6:44:43	12:44:43	80:14:43	t at Max V [Read 2:600]
	85:49:43	11:41:23	9:39:49	9:37:02	9:36:54	6:39:43	9:44:01	82:49:43	Lagtime [Read 2:600]
F	-0.010	0.013	-0.010	-0.010	-0.010	-0.013	0.030	0.017	Max V [Read 2:600]
	1.000	1.000	1.000	1.000	1.000	1.000	1.000	1.000	R-Squared [Read 2:600]
	2:44:43	50:44:43	2:44:43	76:44:43	85:14:43	0:44:43	0:44:43	6:44:43	t at Max V [Read 2:600]
	2:59:43	52:22:13	2:29:43	74:09:43	81:49:43	0:29:43	0:29:43	6:53:43	Lagtime [Read 2:600]

