

Software Version	2.01.14



Experiment File Path:	C:\Users\lennonlab\Documents\Mario\GrowthCurve_18hrs_140405_183845.xpt
Protocol File Path:	C:\Users\lennonlab\Documents\Mario\GrowthCurve_18hrs.prt



Plate Number	Plate 1
Date	4/5/2014
Time	6:38:44 PM
Reader Type:	Synergy Mx
Reader Serial Number:	Unknown
Reading Type	Reader

Procedure Details

Plate Type	CellStar 48 (Use plate lid)
Set Temperature	Incubator off
Shake	Medium, 0:01 (MM:SS)
Read	Absorbance Endpoint
	Full Plate
	Wavelengths:  600
	Read Speed: Normal,  Delay: 100 msec,  Measurements/Data Point: 8
Start Kinetic	Runtime 18:00:00 (HH:MM:SS), Interval 0:30:00, 37 Reads
    Shake	Slow, Continuous
    Read	Absorbance Endpoint
	Full Plate
	Wavelengths:  600
	Read Speed: Normal,  Delay: 100 msec,  Measurements/Data Point: 8
End Kinetic	



Actual Temperature:	21.1

Results
	1	2	3	4	5	6	7	8
A	0.179	0.174	0.176	0.176	0.103	0.104	0.103	0.102	Read 1:600
B	0.214	0.203	0.200	0.208	0.201	0.199	0.198	0.202	Read 1:600
C	0.096	0.098	0.098	0.097	0.096	0.096	0.098	0.098	Read 1:600
D	0.189	0.181	0.192	0.188	0.163	0.166	0.163	0.166	Read 1:600
E	0.183	0.191	0.183	0.183	0.121	0.121	0.120	0.119	Read 1:600
F	0.189	0.182	0.184	0.186	0.170	0.174	0.170	0.183	Read 1:600

Read 2:600

Time	T° Read 2:600	A1	A2	A3	A4	A5	A6	A7	A8	B1	B2	B3	B4	B5	B6	B7	B8	C1	C2	C3	C4	C5	C6	C7	C8	D1	D2	D3	D4	D5	D6	D7	D8	E1	E2	E3	E4	E5	E6	E7	E8	F1	F2	F3	F4	F5	F6	F7	F8
0:29:43	21.3	0.191	0.183	0.186	0.183	0.102	0.103	0.102	0.102	0.218	0.212	0.210	0.211	0.197	0.198	0.199	0.198	0.096	0.097	0.098	0.097	0.097	0.096	0.098	0.098	0.211	0.203	0.209	0.208	0.164	0.167	0.165	0.166	0.197	0.197	0.194	0.192	0.123	0.123	0.121	0.121	0.190	0.185	0.186	0.188	0.178	0.180	0.178	0.194
0:59:43	21.9	0.206	0.201	0.202	0.202	0.102	0.103	0.102	0.101	0.232	0.225	0.222	0.222	0.206	0.208	0.207	0.208	0.096	0.097	0.098	0.097	0.096	0.096	0.098	0.098	0.242	0.230	0.237	0.236	0.170	0.173	0.171	0.173	0.220	0.219	0.215	0.212	0.125	0.124	0.122	0.122	0.195	0.189	0.190	0.192	0.178	0.181	0.181	0.193
1:29:43	22.5	0.231	0.224	0.225	0.225	0.101	0.103	0.102	0.101	0.251	0.243	0.239	0.239	0.224	0.224	0.226	0.226	0.096	0.097	0.098	0.097	0.097	0.096	0.098	0.098	0.279	0.266	0.276	0.274	0.191	0.196	0.193	0.197	0.254	0.252	0.248	0.244	0.127	0.126	0.124	0.125	0.202	0.196	0.197	0.198	0.184	0.186	0.187	0.194
1:59:43	22.8	0.267	0.259	0.261	0.260	0.101	0.103	0.101	0.100	0.272	0.263	0.259	0.259	0.245	0.243	0.246	0.246	0.096	0.098	0.098	0.097	0.096	0.096	0.098	0.098	0.328	0.310	0.324	0.320	0.217	0.219	0.216	0.219	0.294	0.290	0.285	0.281	0.129	0.128	0.127	0.127	0.212	0.206	0.207	0.208	0.194	0.197	0.193	0.197
2:29:43	23.1	0.311	0.301	0.305	0.304	0.101	0.102	0.101	0.100	0.297	0.286	0.282	0.283	0.272	0.273	0.276	0.276	0.097	0.097	0.098	0.097	0.097	0.096	0.098	0.098	0.381	0.361	0.374	0.371	0.244	0.249	0.246	0.250	0.341	0.335	0.328	0.326	0.132	0.131	0.130	0.130	0.225	0.218	0.220	0.220	0.204	0.207	0.201	0.203
2:59:43	23.3	0.371	0.358	0.364	0.362	0.101	0.102	0.101	0.100	0.324	0.312	0.307	0.307	0.306	0.306	0.310	0.310	0.097	0.098	0.098	0.097	0.097	0.096	0.098	0.098	0.428	0.408	0.420	0.417	0.281	0.288	0.287	0.294	0.383	0.378	0.370	0.367	0.135	0.134	0.133	0.133	0.242	0.234	0.235	0.237	0.218	0.220	0.213	0.214
3:29:43	23.4	0.448	0.433	0.443	0.441	0.100	0.102	0.101	0.100	0.355	0.340	0.336	0.336	0.338	0.337	0.340	0.335	0.096	0.097	0.098	0.097	0.096	0.096	0.098	0.098	0.470	0.451	0.463	0.457	0.330	0.340	0.337	0.349	0.438	0.429	0.420	0.415	0.139	0.138	0.138	0.138	0.264	0.254	0.256	0.257	0.234	0.235	0.228	0.238
3:59:43	23.5	0.552	0.524	0.538	0.535	0.100	0.101	0.100	0.099	0.392	0.374	0.371	0.370	0.368	0.366	0.369	0.370	0.096	0.098	0.098	0.097	0.096	0.096	0.098	0.098	0.512	0.493	0.502	0.498	0.385	0.399	0.395	0.411	0.492	0.482	0.471	0.468	0.147	0.146	0.146	0.147	0.291	0.280	0.282	0.281	0.250	0.248	0.242	0.254
4:29:43	23.6	0.639	0.619	0.647	0.630	0.100	0.101	0.100	0.099	0.435	0.413	0.409	0.410	0.402	0.399	0.405	0.408	0.096	0.098	0.098	0.097	0.096	0.096	0.098	0.098	0.596	0.565	0.578	0.576	0.459	0.472	0.467	0.487	0.562	0.550	0.537	0.532	0.159	0.156	0.156	0.158	0.322	0.310	0.312	0.312	0.265	0.268	0.267	0.272
4:59:43	23.6	0.727	0.714	0.735	0.713	0.100	0.101	0.100	0.099	0.485	0.457	0.454	0.458	0.441	0.436	0.443	0.445	0.096	0.097	0.101	0.097	0.096	0.096	0.098	0.098	0.704	0.672	0.690	0.682	0.530	0.545	0.540	0.561	0.676	0.660	0.646	0.642	0.172	0.168	0.168	0.171	0.356	0.344	0.347	0.348	0.288	0.283	0.289	0.294
5:29:43	23.7	0.808	0.789	0.810	0.787	0.100	0.101	0.100	0.099	0.538	0.506	0.502	0.507	0.473	0.470	0.476	0.483	0.096	0.098	0.098	0.097	0.096	0.096	0.098	0.097	0.790	0.772	0.781	0.775	0.593	0.604	0.608	0.628	0.764	0.753	0.741	0.735	0.188	0.184	0.184	0.187	0.393	0.380	0.384	0.385	0.312	0.313	0.313	0.320
5:59:43	23.7	0.889	0.874	0.861	0.834	0.099	0.101	0.100	0.099	0.602	0.560	0.558	0.565	0.504	0.502	0.509	0.515	0.096	0.098	0.098	0.097	0.096	0.096	0.098	0.097	0.888	0.846	0.873	0.860	0.669	0.683	0.682	0.705	0.830	0.815	0.805	0.799	0.205	0.200	0.200	0.204	0.431	0.417	0.422	0.425	0.333	0.336	0.337	0.339
6:29:43	23.7	0.939	0.924	0.931	0.907	0.099	0.101	0.100	0.099	0.673	0.626	0.621	0.633	0.541	0.538	0.553	0.556	0.096	0.097	0.098	0.097	0.096	0.096	0.098	0.098	0.940	0.916	0.931	0.922	0.706	0.717	0.716	0.737	0.906	0.890	0.880	0.874	0.224	0.217	0.219	0.224	0.466	0.453	0.459	0.464	0.347	0.352	0.351	0.354
6:59:43	23.8	0.961	0.949	0.954	0.936	0.099	0.101	0.099	0.099	0.756	0.697	0.693	0.703	0.590	0.579	0.584	0.603	0.096	0.097	0.098	0.097	0.096	0.096	0.098	0.097	0.975	0.961	0.972	0.964	0.749	0.761	0.752	0.767	0.981	0.968	0.956	0.948	0.247	0.239	0.241	0.247	0.500	0.488	0.494	0.503	0.364	0.371	0.369	0.371
7:29:43	23.8	0.981	0.971	0.969	0.952	0.099	0.101	0.100	0.099	0.832	0.774	0.770	0.780	0.625	0.619	0.617	0.651	0.096	0.098	0.098	0.097	0.096	0.096	0.098	0.098	0.951	0.950	0.951	0.945	0.770	0.774	0.778	0.789	1.012	1.010	0.998	0.995	0.277	0.267	0.268	0.279	0.531	0.522	0.529	0.539	0.386	0.391	0.392	0.393
7:59:43	23.8	0.982	0.969	0.965	0.949	0.099	0.101	0.099	0.099	0.893	0.839	0.834	0.843	0.657	0.643	0.650	0.681	0.096	0.097	0.098	0.097	0.097	0.096	0.098	0.098	0.945	0.931	0.925	0.928	0.805	0.815	0.816	0.830	1.006	1.012	0.995	0.988	0.311	0.300	0.304	0.309	0.561	0.555	0.562	0.576	0.410	0.414	0.418	0.419
8:29:43	23.8	0.972	0.959	0.956	0.938	0.099	0.100	0.099	0.099	0.907	0.858	0.850	0.863	0.719	0.694	0.709	0.770	0.096	0.098	0.098	0.097	0.096	0.096	0.098	0.098	0.956	0.930	0.945	0.939	0.861	0.868	0.861	0.883	1.023	1.023	1.016	1.013	0.345	0.332	0.355	0.342	0.588	0.584	0.595	0.612	0.437	0.442	0.447	0.449
8:59:43	23.8	0.960	0.948	0.944	0.927	0.099	0.101	0.099	0.099	0.919	0.873	0.867	0.879	0.772	0.740	0.768	0.800	0.096	0.098	0.098	0.097	0.096	0.096	0.098	0.098	0.983	0.958	0.977	0.977	0.911	0.929	0.926	0.947	1.025	1.022	1.010	1.014	0.383	0.370	0.407	0.379	0.621	0.616	0.627	0.648	0.467	0.474	0.480	0.480
9:29:43	23.8	0.947	0.934	0.928	0.913	0.099	0.100	0.099	0.099	0.932	0.883	0.879	0.890	0.806	0.785	0.807	0.841	0.096	0.098	0.098	0.097	0.096	0.096	0.098	0.098	1.022	0.995	1.008	1.002	0.964	1.008	1.002	1.038	1.083	1.075	1.058	1.053	0.413	0.401	0.455	0.407	0.650	0.648	0.659	0.680	0.500	0.509	0.514	0.516
9:59:43	23.8	0.935	0.922	0.915	0.901	0.099	0.101	0.099	0.099	0.941	0.894	0.890	0.900	0.828	0.819	0.829	0.841	0.096	0.098	0.098	0.097	0.097	0.096	0.098	0.098	1.036	1.028	1.030	1.024	1.025	1.028	1.040	1.042	1.123	1.119	1.107	1.106	0.440	0.428	0.500	0.431	0.680	0.678	0.689	0.710	0.530	0.541	0.545	0.553
10:29:43	23.8	0.922	0.908	0.903	0.891	0.099	0.100	0.099	0.098	0.944	0.901	0.896	0.907	0.841	0.826	0.831	0.847	0.096	0.098	0.098	0.097	0.096	0.096	0.098	0.098	1.078	1.076	1.076	1.062	1.029	1.033	1.032	1.040	1.139	1.134	1.123	1.120	0.469	0.458	0.546	0.462	0.708	0.708	0.717	0.736	0.548	0.557	0.565	0.576
10:59:43	23.8	0.912	0.898	0.894	0.882	0.099	0.100	0.099	0.098	0.946	0.907	0.904	0.911	0.854	0.832	0.848	0.860	0.096	0.098	0.098	0.097	0.096	0.096	0.098	0.097	1.076	1.077	1.072	1.062	1.010	1.018	1.015	1.030	1.134	1.133	1.125	1.122	0.505	0.494	0.600	0.497	0.735	0.734	0.743	0.759	0.568	0.578	0.584	0.597
11:29:43	23.8	0.901	0.889	0.884	0.873	0.099	0.100	0.099	0.098	0.948	0.910	0.908	0.917	0.862	0.848	0.863	0.879	0.096	0.098	0.098	0.097	0.097	0.096	0.098	0.098	1.071	1.074	1.068	1.064	0.989	1.003	1.002	1.016	1.128	1.127	1.119	1.115	0.536	0.525	0.661	0.527	0.762	0.761	0.766	0.781	0.584	0.589	0.597	0.613
11:59:43	23.8	0.892	0.880	0.876	0.865	0.099	0.100	0.099	0.098	0.950	0.916	0.914	0.923	0.882	0.868	0.881	0.902	0.096	0.098	0.098	0.097	0.097	0.096	0.098	0.098	1.063	1.069	1.063	1.059	0.974	0.984	0.985	0.992	1.109	1.107	1.103	1.097	0.570	0.558	0.716	0.560	0.789	0.785	0.789	0.803	0.599	0.601	0.608	0.628
12:29:43	23.8	0.886	0.874	0.869	0.858	0.099	0.100	0.099	0.098	0.952	0.921	0.919	0.928	0.901	0.891	0.904	0.919	0.096	0.098	0.098	0.097	0.097	0.096	0.098	0.098	1.053	1.063	1.054	1.049	0.955	0.976	0.977	0.989	1.099	1.093	1.084	1.077	0.599	0.590	0.777	0.588	0.813	0.808	0.811	0.824	0.615	0.613	0.618	0.641
12:59:43	23.8	0.878	0.868	0.863	0.852	0.099	0.100	0.099	0.098	0.952	0.923	0.922	0.929	0.924	0.914	0.922	0.936	0.096	0.098	0.098	0.097	0.097	0.096	0.098	0.097	1.046	1.053	1.045	1.040	0.945	0.963	0.974	0.980	1.079	1.077	1.073	1.071	0.633	0.622	0.824	0.623	0.838	0.831	0.832	0.846	0.631	0.625	0.632	0.654
13:29:43	23.8	0.872	0.861	0.857	0.846	0.099	0.100	0.099	0.098	0.953	0.924	0.925	0.929	0.943	0.935	0.941	0.954	0.096	0.098	0.098	0.097	0.097	0.096	0.098	0.098	1.038	1.047	1.035	1.029	0.924	0.941	0.952	0.958	1.069	1.066	1.060	1.055	0.670	0.659	0.869	0.660	0.859	0.851	0.852	0.866	0.644	0.637	0.643	0.669
13:59:43	23.8	0.866	0.855	0.851	0.841	0.099	0.100	0.099	0.098	0.954	0.926	0.928	0.931	0.953	0.949	0.956	0.965	0.096	0.098	0.098	0.097	0.097	0.096	0.098	0.098	1.025	1.033	1.017	1.002	0.907	0.923	0.932	0.941	1.049	1.044	1.036	1.027	0.699	0.690	0.885	0.684	0.880	0.871	0.871	0.885	0.654	0.645	0.651	0.677
14:29:43	23.8	0.861	0.850	0.845	0.835	0.099	0.100	0.099	0.098	0.953	0.926	0.930	0.931	0.964	0.962	0.969	0.974	0.096	0.098	0.098	0.097	0.097	0.096	0.098	0.098	1.002	1.012	0.988	0.984	0.900	0.909	0.915	0.919	1.025	1.024	1.017	1.009	0.705	0.696	0.897	0.693	0.898	0.888	0.888	0.902	0.666	0.656	0.663	0.690
14:59:43	23.8	0.855	0.845	0.841	0.831	0.099	0.100	0.099	0.098	0.952	0.926	0.931	0.931	0.964	0.969	0.973	0.972	0.096	0.098	0.098	0.097	0.097	0.096	0.098	0.098	0.982	0.994	0.969	0.965	0.886	0.888	0.899	0.896	1.009	1.007	1.000	0.996	0.718	0.708	0.917	0.704	0.916	0.905	0.905	0.920	0.680	0.667	0.675	0.701
15:29:43	23.9	0.852	0.842	0.837	0.826	0.099	0.100	0.099	0.098	0.955	0.927	0.933	0.931	0.960	0.962	0.965	0.969	0.096	0.098	0.098	0.097	0.097	0.096	0.098	0.098	0.968	0.975	0.961	0.951	0.865	0.864	0.877	0.897	0.989	0.987	0.982	0.980	0.732	0.722	0.943	0.718	0.934	0.922	0.922	0.937	0.693	0.680	0.685	0.713
15:59:43	23.9	0.846	0.836	0.831	0.821	0.099	0.100	0.099	0.098	0.959	0.929	0.936	0.934	0.960	0.960	0.965	0.967	0.096	0.098	0.098	0.097	0.097	0.096	0.098	0.097	0.948	0.962	0.941	0.941	0.846	0.846	0.954	0.898	0.973	0.971	0.967	0.964	0.744	0.733	0.982	0.729	0.949	0.937	0.937	0.951	0.707	0.692	0.698	0.725
16:29:43	23.9	0.842	0.832	0.826	0.816	0.099	0.100	0.099	0.098	0.964	0.933	0.942	0.939	0.956	0.958	0.961	0.961	0.096	0.098	0.098	0.097	0.096	0.096	0.098	0.098	0.931	0.945	0.925	0.924	0.819	0.822	0.878	0.892	0.956	0.954	0.949	0.948	0.744	0.735	1.022	0.728	0.963	0.951	0.951	0.966	0.720	0.705	0.711	0.738
16:59:43	23.9	0.837	0.827	0.821	0.813	0.099	0.100	0.099	0.098	0.972	0.938	0.947	0.945	0.947	0.951	0.954	0.952	0.096	0.098	0.098	0.097	0.097	0.096	0.098	0.098	0.920	0.933	0.913	0.912	0.793	0.800	0.844	0.863	0.940	0.939	0.934	0.934	0.731	0.723	1.060	0.715	0.977	0.965	0.965	0.979	0.734	0.718	0.724	0.750
17:29:43	23.9	0.832	0.822	0.816	0.808	0.099	0.100	0.099	0.098	0.979	0.944	0.953	0.951	0.938	0.942	0.944	0.943	0.096	0.098	0.098	0.097	0.097	0.096	0.098	0.098	0.912	0.924	0.906	0.904	0.765	0.771	0.805	0.836	0.925	0.924	0.921	0.918	0.716	0.711	1.095	0.701	0.990	0.977	0.978	0.992	0.747	0.731	0.736	0.762
17:59:43	24.0	0.828	0.818	0.813	0.805	0.099	0.100	0.099	0.098	0.989	0.951	0.961	0.958	0.927	0.933	0.935	0.933	0.096	0.098	0.098	0.097	0.096	0.096	0.098	0.098	0.906	0.917	0.900	0.905	0.744	0.745	0.780	0.812	0.918	0.914	0.907	0.907	0.703	0.696	1.120	0.689	1.001	0.988	0.990	1.004	0.761	0.744	0.748	0.776
18:29:43	24.1	0.824	0.814	0.808	0.800	0.099	0.100	0.099	0.098	0.999	0.957	0.967	0.965	0.920	0.925	0.927	0.925	0.096	0.098	0.098	0.097	0.097	0.096	0.098	0.098	0.911	0.920	0.906	0.905	0.727	0.724	0.765	0.797	0.911	0.904	0.898	0.897	0.692	0.686	1.134	0.678	1.013	0.999	1.001	1.015	0.774	0.758	0.763	0.788

Results
	1	2	3	4	5	6	7	8
A	3.473	3.170	3.623	3.150	-0.020	-0.027	-0.020	-0.020	Max V [Read 2:600]
	1.000	1.000	1.000	1.000	1.000	1.000	1.000	1.000	R-Squared [Read 2:600]
	3:44:43	4:44:43	4:14:43	4:14:43	3:14:43	2:14:43	0:44:43	0:44:43	t at Max V [Read 2:600]
	2:15:38	2:12:28	2:22:29	2:08:04	1:54:43	1:33:28	0:29:43	0:29:43	Lagtime [Read 2:600]
B	2.747	2.570	2.580	2.573	2.060	1.690	1.970	2.963	Max V [Read 2:600]
	1.000	1.000	1.000	1.000	1.000	1.000	1.000	1.000	R-Squared [Read 2:600]
	6:44:43	7:14:43	7:14:43	7:14:43	8:14:43	8:14:43	8:44:43	8:14:43	t at Max V [Read 2:600]
	3:43:57	3:50:51	3:52:19	3:48:38	4:16:22	3:36:24	4:10:53	5:16:56	Lagtime [Read 2:600]
C	0.030	0.007	0.090	0.007	-0.027	0.010	0.010	0.007	Max V [Read 2:600]
	1.000	1.000	1.000	1.000	1.000	1.000	1.000	1.000	R-Squared [Read 2:600]
	2:14:43	8:14:43	4:44:43	8:14:43	3:14:43	8:44:43	11:14:43	1:14:43	t at Max V [Read 2:600]
	1:56:23	7:59:43	4:29:43	7:44:43	3:25:58	8:09:43	11:09:43	0:59:43	Lagtime [Read 2:600]
D	3.610	3.570	3.713	3.553	2.543	2.637	2.547	3.037	Max V [Read 2:600]
	1.000	1.000	1.000	1.000	1.000	1.000	1.000	1.000	R-Squared [Read 2:600]
	4:44:43	4:44:43	4:44:43	4:44:43	5:44:43	5:44:43	9:14:43	9:14:43	t at Max V [Read 2:600]
	2:43:07	2:48:09	2:50:16	2:46:14	2:41:00	2:43:40	4:00:49	4:42:47	Lagtime [Read 2:600]
E	3.793	3.657	3.643	3.670	1.283	1.253	2.057	1.253	Max V [Read 2:600]
	1.000	1.000	1.000	1.000	1.000	1.000	1.000	1.000	R-Squared [Read 2:600]
	4:44:43	4:44:43	4:44:43	4:44:43	8:44:43	8:44:43	11:14:43	8:44:43	t at Max V [Read 2:600]
	2:53:36	2:52:58	2:55:44	2:57:04	5:37:17	5:42:48	7:06:49	5:33:14	Lagtime [Read 2:600]
F	1.257	1.243	1.277	1.333	1.107	1.160	1.147	1.237	Max V [Read 2:600]
	1.000	1.000	1.000	1.000	1.000	1.000	1.000	1.000	R-Squared [Read 2:600]
	5:44:43	5:44:43	5:44:43	5:44:43	9:14:43	9:14:43	9:14:43	9:44:43	t at Max V [Read 2:600]
	2:47:37	2:52:53	2:54:05	3:01:54	4:38:40	4:46:21	4:36:31	5:09:11	Lagtime [Read 2:600]

