

Software Version	2.01.14



Experiment File Path:	C:\Users\lennonlab\Documents\Mario\GrowthCurve_18hrs_140406_171635.xpt
Protocol File Path:	C:\Users\lennonlab\Documents\Mario\GrowthCurve_18hrs.prt



Plate Number	Plate 1
Date	4/6/2014
Time	5:16:35 PM
Reader Type:	Synergy Mx
Reader Serial Number:	219512
Reading Type	Reader

Procedure Details

Plate Type	CellStar 48 (Use plate lid)
Set Temperature	Incubator off
Shake	Medium, 0:01 (MM:SS)
Read	Absorbance Endpoint
	Full Plate
	Wavelengths:  600
	Read Speed: Normal,  Delay: 100 msec,  Measurements/Data Point: 8
Start Kinetic	Runtime 18:00:00 (HH:MM:SS), Interval 0:30:00, 37 Reads
    Shake	Slow, Continuous
    Read	Absorbance Endpoint
	Full Plate
	Wavelengths:  600
	Read Speed: Normal,  Delay: 100 msec,  Measurements/Data Point: 8
End Kinetic	



Actual Temperature:	23.8

Results
	1	2	3	4	5	6	7	8
A	0.160	0.160	0.162	0.165	0.182	0.179	0.173	0.178	Read 1:600
B	0.194	0.187	0.186	0.183	0.109	0.102	0.102	0.121	Read 1:600
C	0.098	0.098	0.097	0.097	0.097	0.098	0.098	0.097	Read 1:600
D	0.109	0.106	0.104	0.105	0.171	0.177	0.181	0.176	Read 1:600
E	0.177	0.199	0.167	0.166	0.174	0.186	0.177	0.174	Read 1:600
F	0.134	0.131	0.132	0.132	0.181	0.178	0.175	0.175	Read 1:600

Read 2:600

Time	T° Read 2:600	A1	A2	A3	A4	A5	A6	A7	A8	B1	B2	B3	B4	B5	B6	B7	B8	C1	C2	C3	C4	C5	C6	C7	C8	D1	D2	D3	D4	D5	D6	D7	D8	E1	E2	E3	E4	E5	E6	E7	E8	F1	F2	F3	F4	F5	F6	F7	F8
0:29:43	23.7	0.169	0.167	0.168	0.168	0.190	0.186	0.177	0.186	0.199	0.194	0.190	0.187	0.102	0.102	0.102	0.130	0.098	0.098	0.097	0.097	0.097	0.098	0.098	0.097	0.109	0.105	0.104	0.104	0.194	0.198	0.206	0.199	0.178	0.191	0.177	0.173	0.181	0.178	0.180	0.180	0.125	0.122	0.125	0.122	0.181	0.176	0.175	0.176
0:59:43	23.9	0.191	0.190	0.190	0.189	0.201	0.200	0.191	0.203	0.209	0.203	0.198	0.197	0.101	0.103	0.102	0.131	0.098	0.098	0.097	0.097	0.098	0.098	0.098	0.097	0.109	0.105	0.108	0.104	0.220	0.226	0.235	0.228	0.186	0.196	0.185	0.181	0.193	0.190	0.188	0.196	0.125	0.120	0.121	0.121	0.187	0.184	0.183	0.185
1:29:43	24.0	0.214	0.214	0.214	0.212	0.226	0.223	0.214	0.228	0.230	0.222	0.217	0.216	0.101	0.102	0.102	0.132	0.098	0.098	0.097	0.097	0.097	0.098	0.098	0.097	0.108	0.105	0.105	0.104	0.240	0.245	0.258	0.248	0.194	0.206	0.193	0.189	0.208	0.208	0.205	0.214	0.128	0.122	0.123	0.123	0.201	0.197	0.195	0.198
1:59:43	24.0	0.246	0.245	0.245	0.243	0.259	0.256	0.241	0.259	0.263	0.254	0.246	0.241	0.101	0.102	0.102	0.134	0.098	0.098	0.097	0.097	0.097	0.098	0.098	0.097	0.108	0.105	0.104	0.104	0.257	0.263	0.278	0.266	0.204	0.218	0.203	0.198	0.232	0.232	0.227	0.237	0.133	0.125	0.126	0.127	0.219	0.216	0.213	0.218
2:29:43	24.0	0.283	0.280	0.280	0.276	0.305	0.302	0.278	0.300	0.307	0.294	0.284	0.280	0.101	0.102	0.102	0.134	0.098	0.098	0.097	0.097	0.097	0.098	0.098	0.097	0.108	0.106	0.104	0.104	0.274	0.281	0.297	0.285	0.231	0.262	0.231	0.233	0.262	0.262	0.256	0.268	0.138	0.131	0.132	0.132	0.244	0.241	0.238	0.244
2:59:43	23.9	0.338	0.325	0.323	0.317	0.365	0.358	0.327	0.353	0.364	0.348	0.335	0.331	0.102	0.102	0.102	0.136	0.098	0.098	0.097	0.097	0.097	0.098	0.098	0.097	0.108	0.105	0.104	0.104	0.293	0.301	0.317	0.306	0.269	0.298	0.267	0.250	0.302	0.301	0.293	0.309	0.145	0.136	0.138	0.139	0.278	0.275	0.271	0.281
3:29:43	23.9	0.421	0.398	0.392	0.380	0.427	0.418	0.381	0.406	0.427	0.410	0.394	0.390	0.102	0.103	0.103	0.138	0.099	0.098	0.097	0.097	0.097	0.098	0.098	0.097	0.109	0.106	0.104	0.104	0.316	0.324	0.342	0.331	0.304	0.315	0.306	0.285	0.349	0.349	0.339	0.356	0.152	0.143	0.144	0.146	0.319	0.315	0.312	0.325
3:59:43	23.8	0.506	0.493	0.476	0.459	0.489	0.478	0.438	0.459	0.491	0.476	0.455	0.450	0.102	0.102	0.103	0.139	0.098	0.100	0.097	0.097	0.097	0.098	0.098	0.097	0.111	0.105	0.104	0.104	0.344	0.352	0.373	0.361	0.339	0.349	0.354	0.344	0.399	0.399	0.390	0.407	0.166	0.157	0.157	0.159	0.362	0.358	0.352	0.371
4:29:43	23.8	0.592	0.544	0.546	0.526	0.543	0.531	0.490	0.517	0.548	0.535	0.517	0.507	0.102	0.102	0.102	0.141	0.098	0.101	0.098	0.098	0.097	0.098	0.098	0.097	0.108	0.108	0.104	0.106	0.378	0.387	0.411	0.398	0.401	0.398	0.400	0.393	0.460	0.463	0.442	0.462	0.176	0.167	0.169	0.169	0.411	0.408	0.401	0.424
4:59:43	23.7	0.615	0.590	0.582	0.572	0.594	0.590	0.550	0.583	0.611	0.599	0.577	0.565	0.102	0.102	0.103	0.143	0.098	0.103	0.099	0.099	0.098	0.098	0.098	0.097	0.109	0.110	0.104	0.104	0.419	0.430	0.456	0.439	0.452	0.440	0.442	0.431	0.509	0.513	0.509	0.516	0.185	0.176	0.178	0.178	0.470	0.467	0.460	0.487
5:29:43	23.7	0.655	0.660	0.642	0.627	0.645	0.650	0.618	0.648	0.665	0.659	0.640	0.633	0.103	0.102	0.103	0.146	0.098	0.105	0.100	0.099	0.099	0.098	0.098	0.097	0.110	0.112	0.104	0.104	0.459	0.472	0.500	0.481	0.462	0.451	0.478	0.451	0.562	0.570	0.562	0.575	0.194	0.185	0.187	0.188	0.527	0.527	0.518	0.549
5:59:43	23.8	0.746	0.704	0.676	0.685	0.685	0.699	0.672	0.701	0.722	0.711	0.681	0.685	0.105	0.102	0.103	0.148	0.098	0.105	0.100	0.099	0.097	0.098	0.098	0.097	0.109	0.110	0.105	0.104	0.509	0.522	0.552	0.531	0.507	0.527	0.482	0.489	0.619	0.620	0.616	0.629	0.204	0.196	0.197	0.198	0.580	0.580	0.569	0.607
6:29:43	23.8	0.805	0.778	0.736	0.713	0.726	0.741	0.730	0.746	0.770	0.764	0.738	0.746	0.104	0.102	0.103	0.153	0.098	0.105	0.098	0.097	0.097	0.098	0.098	0.097	0.109	0.107	0.104	0.104	0.564	0.578	0.607	0.585	0.541	0.540	0.538	0.538	0.682	0.686	0.682	0.694	0.219	0.206	0.207	0.209	0.633	0.634	0.619	0.664
6:59:43	23.9	0.831	0.827	0.766	0.745	0.760	0.779	0.769	0.780	0.802	0.792	0.769	0.777	0.104	0.102	0.103	0.153	0.098	0.104	0.098	0.097	0.097	0.098	0.098	0.097	0.109	0.105	0.104	0.103	0.619	0.632	0.661	0.639	0.630	0.634	0.630	0.622	0.742	0.742	0.731	0.748	0.241	0.237	0.225	0.242	0.682	0.681	0.665	0.712
7:29:43	23.9	0.832	0.840	0.829	0.816	0.809	0.818	0.801	0.816	0.830	0.828	0.801	0.807	0.104	0.103	0.103	0.157	0.098	0.103	0.097	0.097	0.097	0.098	0.098	0.097	0.109	0.105	0.104	0.104	0.661	0.665	0.687	0.673	0.684	0.715	0.685	0.689	0.784	0.791	0.784	0.790	0.259	0.256	0.254	0.252	0.722	0.721	0.701	0.753
7:59:43	23.9	0.839	0.849	0.839	0.827	0.835	0.844	0.832	0.841	0.853	0.855	0.841	0.837	0.105	0.103	0.104	0.162	0.099	0.102	0.098	0.097	0.097	0.098	0.098	0.097	0.108	0.106	0.105	0.104	0.691	0.701	0.724	0.710	0.757	0.760	0.758	0.751	0.824	0.825	0.820	0.825	0.265	0.267	0.262	0.261	0.756	0.755	0.734	0.789
8:29:43	23.9	0.838	0.845	0.837	0.826	0.853	0.860	0.849	0.855	0.869	0.872	0.860	0.857	0.105	0.103	0.103	0.165	0.098	0.102	0.097	0.097	0.097	0.098	0.098	0.097	0.108	0.104	0.103	0.103	0.727	0.736	0.753	0.746	0.789	0.781	0.781	0.770	0.849	0.851	0.848	0.848	0.276	0.278	0.272	0.271	0.788	0.787	0.763	0.821
8:59:43	23.9	0.834	0.839	0.835	0.825	0.866	0.873	0.862	0.862	0.879	0.885	0.873	0.868	0.106	0.103	0.104	0.168	0.098	0.101	0.097	0.097	0.097	0.098	0.098	0.097	0.110	0.105	0.104	0.105	0.754	0.760	0.779	0.770	0.818	0.808	0.812	0.798	0.868	0.867	0.867	0.868	0.289	0.287	0.280	0.280	0.815	0.814	0.788	0.849
9:29:43	23.9	0.828	0.831	0.829	0.819	0.876	0.879	0.872	0.869	0.888	0.894	0.884	0.881	0.107	0.103	0.104	0.172	0.098	0.102	0.097	0.097	0.097	0.098	0.098	0.097	0.109	0.105	0.103	0.109	0.782	0.788	0.806	0.798	0.828	0.818	0.826	0.808	0.886	0.886	0.886	0.882	0.309	0.306	0.289	0.298	0.834	0.833	0.807	0.868
9:59:43	23.9	0.819	0.822	0.822	0.813	0.882	0.880	0.874	0.871	0.892	0.898	0.889	0.886	0.108	0.104	0.104	0.175	0.098	0.102	0.098	0.097	0.098	0.098	0.098	0.097	0.108	0.105	0.103	0.103	0.808	0.815	0.831	0.825	0.830	0.821	0.827	0.809	0.903	0.900	0.900	0.898	0.313	0.312	0.303	0.305	0.849	0.847	0.819	0.883
10:29:43	23.9	0.812	0.814	0.814	0.804	0.885	0.884	0.876	0.870	0.896	0.904	0.894	0.890	0.109	0.104	0.104	0.180	0.099	0.102	0.098	0.097	0.097	0.098	0.098	0.097	0.110	0.105	0.106	0.102	0.832	0.837	0.847	0.847	0.832	0.822	0.829	0.809	0.914	0.917	0.915	0.911	0.315	0.312	0.303	0.307	0.858	0.857	0.828	0.891
10:59:43	23.8	0.802	0.805	0.804	0.796	0.887	0.884	0.875	0.870	0.897	0.905	0.897	0.895	0.110	0.104	0.104	0.184	0.098	0.103	0.098	0.097	0.097	0.098	0.098	0.097	0.107	0.104	0.103	0.103	0.845	0.847	0.857	0.857	0.833	0.825	0.829	0.811	0.927	0.927	0.926	0.919	0.316	0.315	0.298	0.305	0.865	0.864	0.834	0.895
11:29:43	23.8	0.795	0.798	0.797	0.790	0.886	0.885	0.876	0.871	0.899	0.905	0.897	0.895	0.114	0.104	0.105	0.188	0.098	0.103	0.098	0.097	0.098	0.098	0.098	0.097	0.107	0.104	0.102	0.102	0.856	0.859	0.869	0.868	0.835	0.828	0.829	0.829	0.936	0.937	0.938	0.929	0.308	0.310	0.293	0.298	0.870	0.870	0.840	0.898
11:59:43	23.8	0.789	0.792	0.790	0.783	0.887	0.885	0.878	0.872	0.899	0.906	0.899	0.897	0.117	0.105	0.105	0.193	0.098	0.103	0.098	0.097	0.097	0.098	0.098	0.097	0.108	0.103	0.102	0.104	0.869	0.872	0.882	0.881	0.836	0.830	0.830	0.812	0.945	0.945	0.946	0.938	0.306	0.309	0.293	0.296	0.875	0.874	0.843	0.900
12:29:43	23.8	0.783	0.787	0.786	0.777	0.886	0.883	0.876	0.872	0.897	0.905	0.898	0.894	0.116	0.104	0.105	0.195	0.098	0.102	0.097	0.097	0.097	0.098	0.098	0.097	0.107	0.103	0.102	0.102	0.882	0.885	0.892	0.894	0.837	0.831	0.831	0.813	0.953	0.952	0.953	0.947	0.307	0.306	0.289	0.293	0.877	0.876	0.847	0.900
12:59:43	23.9	0.778	0.783	0.782	0.771	0.883	0.881	0.875	0.872	0.896	0.903	0.898	0.893	0.117	0.105	0.106	0.200	0.098	0.102	0.097	0.097	0.097	0.098	0.098	0.097	0.107	0.103	0.102	0.102	0.890	0.890	0.896	0.899	0.838	0.833	0.832	0.814	0.958	0.959	0.959	0.959	0.302	0.306	0.288	0.293	0.880	0.878	0.850	0.901
13:29:43	23.9	0.775	0.779	0.779	0.769	0.882	0.880	0.876	0.872	0.895	0.902	0.897	0.893	0.118	0.105	0.106	0.202	0.098	0.101	0.098	0.097	0.097	0.098	0.098	0.097	0.107	0.103	0.102	0.102	0.893	0.893	0.898	0.901	0.838	0.833	0.832	0.814	0.965	0.966	0.964	0.965	0.302	0.307	0.288	0.293	0.884	0.881	0.855	0.906
13:59:43	23.9	0.769	0.772	0.772	0.765	0.879	0.878	0.875	0.873	0.892	0.900	0.895	0.891	0.120	0.106	0.107	0.207	0.098	0.100	0.098	0.097	0.098	0.098	0.098	0.097	0.107	0.103	0.102	0.102	0.895	0.895	0.900	0.903	0.837	0.831	0.830	0.813	0.972	0.972	0.969	0.972	0.304	0.309	0.289	0.297	0.887	0.883	0.858	0.909
14:29:43	23.9	0.766	0.768	0.767	0.759	0.876	0.876	0.873	0.871	0.890	0.897	0.893	0.889	0.122	0.106	0.107	0.214	0.098	0.099	0.097	0.097	0.097	0.098	0.098	0.097	0.107	0.103	0.102	0.102	0.897	0.896	0.901	0.905	0.835	0.830	0.829	0.811	0.979	0.977	0.974	0.978	0.303	0.306	0.295	0.296	0.890	0.887	0.863	0.913
14:59:43	24.0	0.761	0.764	0.765	0.755	0.873	0.874	0.871	0.870	0.888	0.896	0.892	0.888	0.123	0.106	0.107	0.220	0.098	0.098	0.097	0.097	0.097	0.098	0.098	0.097	0.107	0.103	0.103	0.102	0.898	0.897	0.901	0.905	0.833	0.827	0.827	0.807	0.983	0.981	0.977	0.980	0.301	0.300	0.292	0.294	0.894	0.891	0.868	0.917
15:29:43	24.0	0.758	0.761	0.761	0.750	0.871	0.872	0.870	0.868	0.885	0.893	0.889	0.885	0.125	0.106	0.107	0.221	0.098	0.098	0.097	0.097	0.097	0.098	0.098	0.097	0.107	0.103	0.102	0.102	0.898	0.897	0.902	0.906	0.829	0.824	0.823	0.805	0.989	0.987	0.982	0.987	0.304	0.301	0.289	0.294	0.898	0.893	0.872	0.919
15:59:43	24.1	0.755	0.757	0.757	0.749	0.869	0.870	0.868	0.867	0.883	0.891	0.886	0.883	0.127	0.107	0.108	0.228	0.098	0.098	0.097	0.097	0.097	0.098	0.098	0.097	0.107	0.103	0.102	0.102	0.899	0.897	0.901	0.905	0.825	0.822	0.820	0.802	0.993	0.991	0.987	0.995	0.317	0.315	0.294	0.308	0.901	0.897	0.875	0.923
16:29:43	24.2	0.756	0.755	0.755	0.746	0.867	0.868	0.867	0.865	0.880	0.888	0.884	0.881	0.128	0.107	0.108	0.232	0.098	0.098	0.097	0.097	0.097	0.098	0.098	0.097	0.108	0.103	0.102	0.102	0.897	0.895	0.899	0.903	0.823	0.820	0.817	0.799	0.998	0.996	0.992	0.997	0.326	0.322	0.308	0.313	0.903	0.899	0.878	0.927
16:59:43	24.2	0.752	0.752	0.753	0.744	0.864	0.866	0.864	0.863	0.877	0.886	0.881	0.879	0.130	0.108	0.109	0.236	0.098	0.098	0.098	0.097	0.097	0.098	0.098	0.097	0.108	0.105	0.102	0.103	0.895	0.892	0.896	0.900	0.820	0.816	0.814	0.796	1.003	1.001	0.995	0.999	0.321	0.322	0.318	0.315	0.903	0.898	0.878	0.925
17:29:43	24.1	0.750	0.751	0.752	0.743	0.862	0.863	0.861	0.861	0.875	0.884	0.878	0.876	0.132	0.108	0.109	0.237	0.098	0.099	0.098	0.097	0.097	0.098	0.098	0.097	0.108	0.104	0.103	0.105	0.892	0.890	0.893	0.897	0.816	0.813	0.812	0.793	1.008	1.005	1.000	1.007	0.323	0.325	0.318	0.316	0.900	0.896	0.877	0.923
17:59:43	24.0	0.750	0.750	0.750	0.741	0.860	0.862	0.860	0.859	0.873	0.882	0.876	0.874	0.133	0.109	0.110	0.243	0.098	0.102	0.099	0.099	0.099	0.098	0.098	0.097	0.109	0.108	0.104	0.103	0.891	0.888	0.891	0.895	0.814	0.810	0.810	0.791	1.012	1.010	1.003	1.012	0.325	0.327	0.322	0.315	0.897	0.893	0.874	0.920
18:29:43	24.0	0.748	0.749	0.750	0.741	0.858	0.859	0.857	0.857	0.870	0.882	0.874	0.872	0.135	0.109	0.111	0.251	0.098	0.105	0.101	0.100	0.100	0.099	0.098	0.097	0.109	0.110	0.105	0.107	0.890	0.886	0.888	0.892	0.811	0.807	0.806	0.788	1.016	1.014	1.006	1.012	0.328	0.325	0.324	0.312	0.894	0.890	0.871	0.919

Results
	1	2	3	4	5	6	7	8
A	3.027	3.190	2.830	2.637	2.080	2.013	2.277	2.213	Max V [Read 2:600]
	1.000	1.000	1.000	1.000	1.000	1.000	1.000	1.000	R-Squared [Read 2:600]
	5:44:43	3:44:43	3:44:43	3:44:43	3:14:43	3:44:43	5:14:43	4:44:43	t at Max V [Read 2:600]
	2:49:15	2:17:29	2:10:44	2:09:12	1:35:44	1:34:32	2:15:53	1:59:57	Lagtime [Read 2:600]
B	2.133	2.187	2.090	2.263	0.137	0.033	0.027	0.247	Max V [Read 2:600]
	1.000	1.000	1.000	1.000	1.000	1.000	1.000	1.000	R-Squared [Read 2:600]
	3:44:43	3:44:43	5:14:43	5:14:43	11:14:43	0:44:43	18:14:43	18:14:43	t at Max V [Read 2:600]
	1:42:48	1:50:59	1:54:27	2:12:40	10:01:11	0:29:43	13:07:13	10:21:12	Lagtime [Read 2:600]
C	-0.007	0.110	0.060	-0.053	0.053	0.023	0.007	0.007	Max V [Read 2:600]
	1.000	1.000	1.000	1.000	1.000	1.000	1.000	1.000	R-Squared [Read 2:600]
	3:44:43	17:44:43	17:44:43	6:14:43	17:44:43	18:14:43	1:14:43	1:14:43	t at Max V [Read 2:600]
	3:59:43	17:16:59	17:23:03	6:37:13	17:24:06	17:29:43	0:59:43	0:59:43	Lagtime [Read 2:600]
D	-0.090	0.133	0.123	-0.197	1.850	1.857	1.817	1.807	Max V [Read 2:600]
	1.000	1.000	1.000	1.000	1.000	1.000	1.000	1.000	R-Squared [Read 2:600]
	4:14:43	17:44:43	0:44:43	9:44:43	6:44:43	6:14:43	6:44:43	6:44:43	t at Max V [Read 2:600]
	4:16:23	17:37:13	0:29:43	9:55:08	3:10:12	3:04:53	2:49:19	2:56:04	Lagtime [Read 2:600]
E	2.963	3.137	3.073	2.810	2.100	2.203	2.263	2.160	Max V [Read 2:600]
	1.000	1.000	1.000	1.000	1.000	1.000	1.000	1.000	R-Squared [Read 2:600]
	6:44:43	6:44:43	6:44:43	6:44:43	6:14:43	6:14:43	4:44:43	6:14:43	t at Max V [Read 2:600]
	4:27:21	4:38:23	4:32:21	4:20:02	2:31:14	2:38:59	2:34:19	2:31:45	Lagtime [Read 2:600]
F	0.740	1.020	0.953	1.127	1.970	2.000	1.973	2.080	Max V [Read 2:600]
	1.000	1.000	1.000	1.000	1.000	1.000	1.000	1.000	R-Squared [Read 2:600]
	6:44:43	6:44:43	7:14:43	6:44:43	4:44:43	5:14:43	4:44:43	5:14:43	t at Max V [Read 2:600]
	4:23:54	5:06:41	5:15:08	5:12:30	2:32:55	2:34:22	2:35:11	2:30:12	Lagtime [Read 2:600]

