

Software Version	2.01.14



Experiment File Path:	C:\Users\lennonlab\Documents\Mario\GrowthCurve_18hrs_140402_170936.xpt
Protocol File Path:	C:\Users\lennonlab\Documents\Xia Meng\GrowthCurve_18hrs.prt



Plate Number	Plate 1
Date	4/2/2014
Time	5:09:35 PM
Reader Type:	Synergy Mx
Reader Serial Number:	219512
Reading Type	Reader

Procedure Details

Plate Type	CellStar 48 (Use plate lid)
Set Temperature	Incubator off
Shake	Medium, 0:01 (MM:SS)
Read	Absorbance Endpoint
	Full Plate
	Wavelengths:  600
	Read Speed: Normal,  Delay: 100 msec,  Measurements/Data Point: 8
Start Kinetic	Runtime 18:00:00 (HH:MM:SS), Interval 0:30:00, 37 Reads
    Shake	Slow, Continuous
    Read	Absorbance Endpoint
	Full Plate
	Wavelengths:  600
	Read Speed: Normal,  Delay: 100 msec,  Measurements/Data Point: 8
End Kinetic	



Actual Temperature:	21.8

Results
	1	2	3	4	5	6	7	8
A	0.196	0.194	0.194	0.188	0.138	0.135	0.137	0.134	Read 1:600
B	0.176	0.173	0.170	0.171	0.100	0.101	0.103	0.101	Read 1:600
C	0.097	0.097	0.098	0.097	0.097	0.096	0.098	0.097	Read 1:600
D	0.159	0.158	0.157	0.155	0.159	0.157	0.162	0.163	Read 1:600
E	0.157	0.158	0.156	0.155	0.109	0.110	0.111	0.110	Read 1:600
F	0.103	0.103	0.103	0.102	0.131	0.131	0.132	0.138	Read 1:600

Read 2:600

Time	T° Read 2:600	A1	A2	A3	A4	A5	A6	A7	A8	B1	B2	B3	B4	B5	B6	B7	B8	C1	C2	C3	C4	C5	C6	C7	C8	D1	D2	D3	D4	D5	D6	D7	D8	E1	E2	E3	E4	E5	E6	E7	E8	F1	F2	F3	F4	F5	F6	F7	F8
0:29:43	22.3	0.204	0.199	0.204	0.196	0.135	0.132	0.137	0.136	0.192	0.187	0.184	0.186	0.099	0.101	0.102	0.101	0.098	0.097	0.098	0.097	0.096	0.096	0.098	0.097	0.169	0.164	0.163	0.164	0.178	0.176	0.179	0.184	0.171	0.167	0.166	0.164	0.110	0.110	0.111	0.111	0.104	0.103	0.103	0.102	0.135	0.135	0.137	0.143
0:59:43	22.8	0.209	0.205	0.215	0.207	0.133	0.132	0.137	0.134	0.213	0.207	0.203	0.204	0.099	0.100	0.102	0.100	0.098	0.097	0.098	0.097	0.096	0.096	0.097	0.096	0.180	0.174	0.173	0.172	0.199	0.198	0.208	0.209	0.186	0.182	0.181	0.180	0.110	0.111	0.112	0.111	0.104	0.102	0.102	0.102	0.139	0.139	0.142	0.149
1:29:43	23.1	0.218	0.216	0.222	0.225	0.135	0.133	0.138	0.135	0.241	0.233	0.228	0.229	0.099	0.100	0.102	0.100	0.098	0.097	0.098	0.097	0.096	0.096	0.097	0.096	0.196	0.189	0.188	0.187	0.227	0.227	0.236	0.242	0.205	0.201	0.200	0.200	0.112	0.112	0.113	0.113	0.103	0.103	0.102	0.102	0.147	0.153	0.152	0.160
1:59:43	23.3	0.250	0.246	0.283	0.240	0.134	0.134	0.147	0.137	0.281	0.269	0.262	0.264	0.099	0.099	0.101	0.099	0.098	0.097	0.098	0.096	0.096	0.096	0.097	0.096	0.216	0.207	0.205	0.203	0.258	0.259	0.270	0.283	0.230	0.227	0.225	0.224	0.113	0.114	0.115	0.114	0.103	0.103	0.102	0.101	0.158	0.159	0.160	0.170
2:29:43	23.4	0.263	0.263	0.264	0.263	0.162	0.151	0.170	0.150	0.332	0.318	0.310	0.310	0.098	0.099	0.101	0.099	0.098	0.097	0.098	0.096	0.096	0.096	0.097	0.096	0.243	0.230	0.228	0.225	0.310	0.312	0.329	0.348	0.265	0.259	0.259	0.257	0.115	0.115	0.116	0.116	0.102	0.103	0.102	0.102	0.171	0.169	0.173	0.184
2:59:43	23.4	0.268	0.259	0.262	0.260	0.208	0.184	0.175	0.192	0.396	0.380	0.371	0.370	0.098	0.099	0.101	0.099	0.098	0.097	0.098	0.096	0.096	0.097	0.097	0.096	0.277	0.262	0.259	0.255	0.372	0.378	0.397	0.425	0.308	0.303	0.302	0.298	0.116	0.117	0.118	0.117	0.103	0.102	0.102	0.103	0.184	0.183	0.188	0.201
3:29:43	23.5	0.276	0.268	0.273	0.269	0.184	0.177	0.207	0.213	0.455	0.441	0.430	0.429	0.098	0.099	0.101	0.099	0.098	0.097	0.098	0.096	0.096	0.096	0.097	0.096	0.323	0.305	0.299	0.293	0.449	0.460	0.476	0.504	0.367	0.361	0.360	0.353	0.118	0.118	0.120	0.120	0.103	0.103	0.102	0.102	0.201	0.198	0.204	0.218
3:59:43	23.5	0.285	0.278	0.281	0.278	0.216	0.201	0.216	0.223	0.513	0.498	0.487	0.493	0.098	0.099	0.101	0.099	0.098	0.097	0.098	0.096	0.096	0.096	0.098	0.096	0.385	0.359	0.353	0.346	0.514	0.530	0.558	0.584	0.444	0.436	0.435	0.426	0.121	0.121	0.122	0.122	0.103	0.103	0.103	0.102	0.224	0.224	0.227	0.239
4:29:43	23.5	0.298	0.291	0.294	0.291	0.233	0.224	0.231	0.231	0.567	0.552	0.543	0.553	0.098	0.099	0.101	0.098	0.098	0.098	0.098	0.096	0.096	0.096	0.097	0.096	0.453	0.429	0.420	0.410	0.601	0.623	0.636	0.664	0.510	0.500	0.506	0.495	0.123	0.123	0.125	0.124	0.103	0.103	0.103	0.102	0.238	0.244	0.252	0.258
4:59:43	23.5	0.308	0.302	0.307	0.302	0.240	0.233	0.237	0.244	0.625	0.607	0.600	0.609	0.098	0.099	0.101	0.099	0.098	0.099	0.098	0.096	0.096	0.096	0.098	0.097	0.499	0.474	0.466	0.460	0.657	0.686	0.699	0.726	0.572	0.561	0.569	0.551	0.126	0.126	0.127	0.127	0.103	0.103	0.105	0.102	0.259	0.265	0.272	0.285
5:29:43	23.5	0.318	0.313	0.316	0.310	0.250	0.232	0.250	0.246	0.689	0.670	0.660	0.669	0.098	0.099	0.101	0.098	0.098	0.100	0.098	0.096	0.096	0.096	0.097	0.097	0.570	0.540	0.535	0.528	0.710	0.743	0.754	0.778	0.629	0.622	0.632	0.614	0.128	0.128	0.130	0.129	0.103	0.103	0.103	0.102	0.287	0.291	0.310	0.312
5:59:43	23.5	0.329	0.321	0.324	0.319	0.260	0.248	0.255	0.255	0.734	0.725	0.717	0.721	0.098	0.099	0.101	0.098	0.098	0.101	0.098	0.096	0.096	0.096	0.097	0.096	0.620	0.590	0.585	0.581	0.749	0.787	0.791	0.812	0.685	0.676	0.694	0.673	0.130	0.131	0.132	0.132	0.104	0.103	0.103	0.102	0.309	0.317	0.317	0.329
6:29:43	23.6	0.337	0.328	0.332	0.327	0.245	0.244	0.263	0.260	0.761	0.757	0.747	0.753	0.099	0.099	0.102	0.099	0.098	0.101	0.098	0.096	0.096	0.096	0.097	0.096	0.653	0.636	0.630	0.630	0.799	0.822	0.833	0.858	0.711	0.700	0.710	0.692	0.133	0.133	0.135	0.134	0.104	0.103	0.103	0.102	0.331	0.333	0.333	0.348
6:59:43	23.6	0.344	0.336	0.339	0.333	0.253	0.246	0.269	0.267	0.790	0.790	0.785	0.798	0.099	0.099	0.102	0.099	0.098	0.102	0.098	0.096	0.096	0.096	0.097	0.096	0.663	0.651	0.646	0.641	0.820	0.849	0.849	0.874	0.728	0.722	0.732	0.711	0.135	0.136	0.137	0.137	0.104	0.103	0.103	0.102	0.351	0.355	0.352	0.368
7:29:43	23.6	0.350	0.342	0.344	0.340	0.271	0.249	0.259	0.260	0.811	0.811	0.808	0.821	0.099	0.100	0.104	0.099	0.098	0.103	0.098	0.097	0.096	0.096	0.097	0.096	0.703	0.685	0.684	0.676	0.827	0.855	0.855	0.879	0.791	0.791	0.791	0.770	0.138	0.138	0.140	0.140	0.104	0.103	0.104	0.102	0.368	0.373	0.371	0.387
7:59:43	23.6	0.356	0.348	0.349	0.345	0.274	0.265	0.269	0.267	0.822	0.826	0.824	0.838	0.100	0.100	0.103	0.098	0.098	0.103	0.098	0.096	0.096	0.096	0.097	0.097	0.772	0.753	0.746	0.740	0.829	0.856	0.856	0.879	0.837	0.829	0.837	0.815	0.140	0.141	0.143	0.143	0.104	0.108	0.103	0.102	0.388	0.391	0.388	0.406
8:29:43	23.7	0.361	0.353	0.355	0.351	0.286	0.272	0.288	0.272	0.830	0.834	0.833	0.847	0.100	0.100	0.103	0.099	0.098	0.103	0.098	0.096	0.096	0.096	0.097	0.096	0.799	0.791	0.779	0.775	0.826	0.854	0.850	0.876	0.852	0.838	0.847	0.825	0.142	0.144	0.146	0.146	0.104	0.104	0.103	0.102	0.403	0.408	0.405	0.420
8:59:43	23.7	0.366	0.359	0.360	0.355	0.305	0.287	0.292	0.284	0.834	0.839	0.836	0.851	0.100	0.101	0.104	0.099	0.098	0.103	0.098	0.096	0.096	0.096	0.097	0.096	0.807	0.804	0.788	0.786	0.818	0.845	0.842	0.868	0.850	0.839	0.845	0.827	0.144	0.148	0.150	0.150	0.106	0.104	0.104	0.103	0.418	0.418	0.419	0.432
9:29:43	23.7	0.371	0.364	0.364	0.360	0.312	0.298	0.311	0.298	0.837	0.841	0.839	0.854	0.100	0.101	0.105	0.099	0.098	0.103	0.098	0.096	0.096	0.096	0.097	0.096	0.807	0.805	0.789	0.788	0.810	0.836	0.835	0.858	0.847	0.834	0.841	0.823	0.147	0.151	0.153	0.154	0.104	0.105	0.104	0.103	0.426	0.429	0.430	0.438
9:59:43	23.7	0.376	0.368	0.369	0.365	0.324	0.310	0.326	0.308	0.836	0.842	0.840	0.854	0.101	0.102	0.106	0.099	0.098	0.104	0.098	0.096	0.096	0.096	0.097	0.096	0.805	0.804	0.787	0.786	0.802	0.828	0.827	0.849	0.839	0.828	0.835	0.817	0.149	0.155	0.157	0.157	0.106	0.104	0.105	0.103	0.430	0.434	0.434	0.440
10:29:43	23.7	0.381	0.374	0.374	0.370	0.342	0.331	0.340	0.320	0.836	0.841	0.840	0.854	0.102	0.103	0.107	0.099	0.098	0.103	0.098	0.096	0.096	0.096	0.097	0.096	0.799	0.799	0.783	0.781	0.795	0.821	0.819	0.842	0.831	0.818	0.825	0.806	0.152	0.158	0.161	0.162	0.106	0.104	0.103	0.103	0.430	0.434	0.434	0.439
10:59:43	23.7	0.387	0.379	0.379	0.375	0.357	0.349	0.358	0.342	0.835	0.841	0.839	0.854	0.102	0.103	0.108	0.099	0.098	0.103	0.098	0.096	0.096	0.096	0.097	0.096	0.791	0.791	0.775	0.773	0.789	0.814	0.813	0.832	0.821	0.809	0.817	0.800	0.155	0.162	0.166	0.166	0.105	0.105	0.105	0.104	0.429	0.432	0.433	0.438
11:29:43	23.8	0.392	0.384	0.386	0.382	0.368	0.360	0.371	0.348	0.834	0.839	0.837	0.851	0.102	0.104	0.109	0.099	0.098	0.103	0.098	0.096	0.096	0.096	0.097	0.096	0.782	0.782	0.767	0.766	0.783	0.807	0.808	0.829	0.813	0.804	0.812	0.793	0.158	0.167	0.170	0.171	0.106	0.105	0.106	0.104	0.428	0.431	0.433	0.437
11:59:43	23.8	0.396	0.390	0.392	0.387	0.375	0.371	0.378	0.358	0.831	0.837	0.835	0.849	0.104	0.105	0.111	0.099	0.098	0.103	0.098	0.096	0.096	0.096	0.098	0.096	0.773	0.776	0.762	0.760	0.779	0.803	0.802	0.822	0.807	0.801	0.808	0.790	0.162	0.171	0.175	0.176	0.106	0.105	0.106	0.104	0.427	0.428	0.429	0.433
12:29:43	23.8	0.401	0.396	0.398	0.392	0.390	0.381	0.392	0.370	0.830	0.834	0.832	0.846	0.105	0.106	0.112	0.099	0.098	0.103	0.098	0.096	0.096	0.096	0.098	0.096	0.768	0.770	0.757	0.756	0.774	0.798	0.794	0.814	0.803	0.797	0.803	0.786	0.165	0.176	0.180	0.182	0.106	0.105	0.105	0.105	0.425	0.426	0.427	0.432
12:59:43	23.8	0.405	0.401	0.403	0.408	0.405	0.397	0.405	0.385	0.828	0.833	0.830	0.844	0.107	0.107	0.114	0.100	0.098	0.103	0.098	0.096	0.096	0.097	0.097	0.096	0.763	0.765	0.754	0.752	0.769	0.792	0.787	0.808	0.798	0.794	0.800	0.783	0.169	0.181	0.186	0.188	0.107	0.105	0.105	0.106	0.423	0.423	0.425	0.429
13:29:43	23.8	0.410	0.405	0.407	0.410	0.415	0.412	0.416	0.399	0.826	0.831	0.828	0.841	0.108	0.108	0.116	0.100	0.098	0.102	0.098	0.096	0.096	0.096	0.097	0.096	0.757	0.760	0.750	0.748	0.764	0.784	0.780	0.801	0.794	0.790	0.796	0.780	0.173	0.188	0.192	0.195	0.107	0.108	0.105	0.104	0.421	0.421	0.423	0.427
13:59:43	23.9	0.414	0.409	0.412	0.414	0.427	0.419	0.425	0.407	0.824	0.830	0.826	0.839	0.110	0.110	0.119	0.100	0.098	0.102	0.098	0.096	0.096	0.096	0.097	0.096	0.752	0.755	0.746	0.745	0.760	0.779	0.773	0.795	0.787	0.785	0.792	0.774	0.178	0.194	0.199	0.202	0.107	0.106	0.105	0.105	0.419	0.420	0.421	0.426
14:29:43	23.9	0.420	0.414	0.418	0.419	0.438	0.426	0.436	0.419	0.822	0.827	0.823	0.837	0.111	0.111	0.121	0.101	0.098	0.101	0.098	0.096	0.096	0.096	0.097	0.096	0.747	0.751	0.742	0.741	0.754	0.774	0.769	0.791	0.783	0.782	0.789	0.773	0.184	0.201	0.207	0.210	0.108	0.106	0.106	0.104	0.417	0.418	0.419	0.425
14:59:43	24.0	0.423	0.420	0.426	0.422	0.450	0.437	0.446	0.428	0.820	0.825	0.822	0.835	0.114	0.113	0.123	0.101	0.098	0.100	0.098	0.096	0.096	0.097	0.097	0.096	0.745	0.744	0.737	0.736	0.750	0.769	0.764	0.788	0.777	0.777	0.783	0.767	0.190	0.208	0.215	0.219	0.108	0.106	0.106	0.105	0.416	0.416	0.418	0.424
15:29:43	24.1	0.425	0.423	0.425	0.425	0.462	0.444	0.458	0.448	0.818	0.822	0.820	0.832	0.117	0.115	0.126	0.101	0.098	0.097	0.098	0.096	0.096	0.096	0.097	0.096	0.744	0.738	0.733	0.733	0.746	0.767	0.760	0.784	0.773	0.770	0.778	0.764	0.196	0.217	0.225	0.228	0.108	0.109	0.107	0.106	0.416	0.415	0.417	0.424
15:59:43	24.2	0.427	0.426	0.430	0.427	0.475	0.452	0.474	0.463	0.816	0.821	0.818	0.830	0.119	0.118	0.129	0.102	0.098	0.097	0.098	0.096	0.097	0.096	0.097	0.097	0.737	0.733	0.729	0.730	0.741	0.760	0.753	0.781	0.769	0.765	0.774	0.760	0.204	0.227	0.235	0.239	0.113	0.107	0.106	0.106	0.414	0.414	0.415	0.421
16:29:43	24.3	0.429	0.428	0.431	0.428	0.485	0.466	0.486	0.479	0.814	0.819	0.816	0.828	0.121	0.121	0.131	0.103	0.098	0.097	0.098	0.096	0.097	0.096	0.097	0.096	0.732	0.729	0.726	0.726	0.736	0.754	0.750	0.776	0.767	0.763	0.770	0.758	0.212	0.236	0.246	0.251	0.110	0.113	0.111	0.106	0.415	0.413	0.415	0.422
16:59:43	24.4	0.431	0.432	0.434	0.431	0.496	0.474	0.493	0.491	0.813	0.817	0.814	0.826	0.126	0.124	0.134	0.103	0.098	0.097	0.098	0.096	0.097	0.096	0.097	0.096	0.729	0.726	0.723	0.722	0.732	0.750	0.744	0.770	0.761	0.757	0.766	0.755	0.222	0.248	0.259	0.264	0.110	0.109	0.107	0.106	0.414	0.412	0.414	0.421
17:29:43	24.4	0.433	0.433	0.435	0.436	0.513	0.479	0.509	0.505	0.810	0.816	0.812	0.824	0.128	0.128	0.137	0.105	0.098	0.097	0.098	0.096	0.097	0.096	0.097	0.096	0.725	0.724	0.720	0.721	0.727	0.744	0.739	0.767	0.760	0.755	0.762	0.751	0.232	0.260	0.272	0.279	0.111	0.109	0.108	0.107	0.413	0.412	0.413	0.417
17:59:43	24.4	0.433	0.431	0.435	0.432	0.529	0.488	0.519	0.516	0.809	0.813	0.811	0.823	0.133	0.132	0.142	0.106	0.098	0.097	0.098	0.096	0.097	0.096	0.097	0.096	0.720	0.719	0.719	0.717	0.724	0.743	0.738	0.761	0.757	0.750	0.759	0.748	0.242	0.274	0.287	0.295	0.112	0.109	0.108	0.107	0.413	0.411	0.412	0.416
18:29:43	24.5	0.432	0.430	0.434	0.432	0.546	0.501	0.530	0.528	0.807	0.812	0.810	0.822	0.137	0.137	0.146	0.107	0.098	0.097	0.098	0.096	0.098	0.096	0.097	0.096	0.722	0.718	0.718	0.716	0.720	0.737	0.734	0.760	0.754	0.744	0.755	0.744	0.255	0.289	0.303	0.312	0.114	0.110	0.109	0.108	0.412	0.412	0.411	0.414

Results
	1	2	3	4	5	6	7	8
A	1.053	1.007	2.043	0.767	1.527	1.117	1.093	1.400	Max V [Read 2:600]
	1.000	1.000	1.000	1.000	1.000	1.000	1.000	1.000	R-Squared [Read 2:600]
	1:44:43	1:44:43	1:44:43	2:14:43	2:44:43	2:44:43	3:14:43	2:44:43	t at Max V [Read 2:600]
	1:16:03	1:13:02	1:21:03	1:02:20	2:11:58	2:12:21	2:25:14	2:19:30	Lagtime [Read 2:600]
B	2.137	2.083	2.043	2.160	0.170	0.163	0.163	0.043	Max V [Read 2:600]
	1.000	1.000	1.000	1.000	1.000	1.000	1.000	1.000	R-Squared [Read 2:600]
	5:14:43	5:14:43	2:44:43	3:44:43	17:44:43	18:14:43	17:44:43	17:14:43	t at Max V [Read 2:600]
	1:37:04	1:38:07	1:28:18	1:37:16	14:43:50	14:44:25	13:56:39	15:50:29	Lagtime [Read 2:600]
C	0.010	-0.087	-0.007	0.010	0.020	-0.033	0.007	-0.027	Max V [Read 2:600]
	1.000	1.000	1.000	1.000	1.000	1.000	1.000	1.000	R-Squared [Read 2:600]
	15:44:43	15:14:43	2:44:43	7:14:43	18:14:43	13:14:43	18:14:43	5:44:43	t at Max V [Read 2:600]
	15:39:43	15:34:20	2:29:43	7:59:43	17:24:43	13:20:43	?????	5:48:28	Lagtime [Read 2:600]
D	2.350	2.340	2.303	2.250	2.913	3.107	2.723	2.687	Max V [Read 2:600]
	1.000	1.000	1.000	1.000	1.000	1.000	1.000	1.000	R-Squared [Read 2:600]
	5:14:43	4:14:43	5:14:43	5:14:43	4:14:43	4:14:43	3:44:43	4:14:43	t at Max V [Read 2:600]
	2:38:57	2:36:13	2:48:23	2:48:02	2:04:17	2:05:44	1:40:37	1:30:54	Lagtime [Read 2:600]
E	2.557	2.480	2.510	2.410	0.420	0.507	0.540	0.583	Max V [Read 2:600]
	1.000	1.000	1.000	1.000	1.000	1.000	1.000	1.000	R-Squared [Read 2:600]
	3:44:43	3:44:43	3:44:43	3:44:43	18:14:43	18:14:43	18:14:43	18:14:43	t at Max V [Read 2:600]
	2:12:52	2:11:34	2:12:23	2:11:10	12:43:17	12:36:14	12:34:10	12:44:07	Lagtime [Read 2:600]
F	0.173	0.220	0.163	-0.057	0.927	0.863	1.270	0.913	Max V [Read 2:600]
	1.000	1.000	1.000	1.000	1.000	1.000	1.000	1.000	R-Squared [Read 2:600]
	15:44:43	16:14:43	16:14:43	13:14:43	5:14:43	5:44:43	5:14:43	5:14:43	t at Max V [Read 2:600]
	15:06:38	15:43:48	15:39:31	14:10:18	2:45:09	2:28:40	3:13:16	2:24:34	Lagtime [Read 2:600]

