

Software Version	2.01.14



Experiment File Path:	C:\Users\lennonlab\Documents\Xia Meng\GrowthCurve_14hrs_130528_194247.xpt
Protocol File Path:	C:\Users\lennonlab\Documents\Xia Meng\GrowthCurve_18hrs.prt



Plate Number	Plate 1
Date	5/28/2013
Time	7:42:47 PM
Reader Type:	Synergy Mx
Reader Serial Number:	219512
Reading Type	Reader

Procedure Details

Plate Type	CellStar 48 (Use plate lid)
Set Temperature	Setpoint 25°C
Shake	Medium, 0:01 (MM:SS)
Read	Absorbance Endpoint
	Full Plate
	Wavelengths:  600
	Read Speed: Normal,  Delay: 100 msec,  Measurements/Data Point: 8
Start Kinetic	Runtime 14:00:00 (HH:MM:SS), Interval 0:30:00, 29 Reads
    Shake	Slow, Continuous
    Read	Absorbance Endpoint
	Full Plate
	Wavelengths:  600
	Read Speed: Normal,  Delay: 100 msec,  Measurements/Data Point: 8
End Kinetic	



Actual Temperature:	25.6

Results
	1	2	3	4	5	6	7	8
A	0.086	0.127	0.126	0.085	0.126	0.103	0.086	0.083	Read 1:600
B	0.088	0.085	0.090	0.107	0.118	0.122	0.111	0.086	Read 1:600
C	0.086	0.085	0.086	0.129	0.104	0.084	0.120	0.085	Read 1:600
D	0.104	0.127	0.134	0.108	0.126	0.085	0.085	0.094	Read 1:600
E	0.121	0.104	0.138	0.122	0.120	0.085	0.086	0.102	Read 1:600
F	0.086	0.126	0.110	0.085	0.084	0.086	0.107	0.086	Read 1:600

Read 2:600

Time	T° Read 2:600	A1	A2	A3	A4	A5	A6	A7	A8	B1	B2	B3	B4	B5	B6	B7	B8	C1	C2	C3	C4	C5	C6	C7	C8	D1	D2	D3	D4	D5	D6	D7	D8	E1	E2	E3	E4	E5	E6	E7	E8	F1	F2	F3	F4	F5	F6	F7	F8
0:29:43	25.4	0.086	0.121	0.117	0.085	0.118	0.101	0.086	0.083	0.088	0.085	0.089	0.107	0.120	0.123	0.109	0.086	0.086	0.085	0.086	0.118	0.105	0.084	0.118	0.085	0.102	0.125	0.124	0.107	0.121	0.085	0.085	0.093	0.123	0.105	0.124	0.123	0.118	0.085	0.086	0.100	0.086	0.119	0.108	0.085	0.084	0.086	0.104	0.086
0:59:43	25.6	0.086	0.123	0.117	0.085	0.117	0.100	0.086	0.083	0.088	0.085	0.089	0.108	0.125	0.125	0.109	0.086	0.086	0.085	0.086	0.117	0.105	0.084	0.120	0.085	0.103	0.131	0.127	0.106	0.126	0.085	0.085	0.093	0.128	0.104	0.127	0.129	0.119	0.085	0.086	0.101	0.086	0.119	0.107	0.085	0.084	0.086	0.104	0.086
1:29:43	25.7	0.086	0.125	0.117	0.085	0.117	0.103	0.086	0.083	0.087	0.085	0.088	0.109	0.132	0.129	0.108	0.086	0.086	0.085	0.086	0.117	0.106	0.084	0.122	0.085	0.104	0.138	0.130	0.106	0.134	0.085	0.085	0.093	0.135	0.104	0.131	0.135	0.121	0.085	0.086	0.102	0.086	0.118	0.107	0.085	0.084	0.086	0.104	0.086
1:59:43	25.7	0.086	0.128	0.118	0.085	0.117	0.105	0.086	0.083	0.088	0.085	0.088	0.112	0.142	0.131	0.109	0.086	0.086	0.085	0.086	0.119	0.107	0.084	0.126	0.085	0.106	0.143	0.135	0.107	0.145	0.085	0.085	0.093	0.146	0.106	0.135	0.142	0.123	0.085	0.086	0.104	0.086	0.118	0.107	0.085	0.084	0.086	0.105	0.086
2:29:43	25.7	0.086	0.131	0.120	0.085	0.118	0.106	0.086	0.083	0.087	0.085	0.088	0.116	0.158	0.137	0.111	0.086	0.086	0.085	0.087	0.123	0.109	0.084	0.129	0.085	0.108	0.153	0.140	0.109	0.162	0.085	0.085	0.093	0.161	0.105	0.139	0.149	0.126	0.085	0.086	0.106	0.086	0.120	0.107	0.085	0.084	0.086	0.105	0.086
2:59:43	25.7	0.086	0.135	0.125	0.085	0.118	0.108	0.086	0.083	0.088	0.085	0.088	0.124	0.179	0.145	0.115	0.086	0.086	0.085	0.087	0.132	0.113	0.084	0.133	0.085	0.110	0.164	0.146	0.113	0.183	0.085	0.085	0.093	0.182	0.106	0.145	0.161	0.130	0.084	0.086	0.108	0.086	0.124	0.109	0.085	0.084	0.086	0.105	0.086
3:29:43	25.6	0.086	0.140	0.135	0.085	0.121	0.111	0.086	0.083	0.088	0.085	0.088	0.135	0.206	0.153	0.122	0.086	0.086	0.085	0.086	0.145	0.120	0.085	0.138	0.085	0.113	0.179	0.157	0.120	0.213	0.085	0.085	0.093	0.207	0.109	0.155	0.175	0.134	0.085	0.086	0.111	0.086	0.132	0.112	0.085	0.084	0.086	0.105	0.086
3:59:43	25.5	0.086	0.145	0.150	0.085	0.126	0.116	0.086	0.083	0.088	0.085	0.088	0.152	0.240	0.164	0.137	0.086	0.086	0.085	0.087	0.167	0.129	0.085	0.144	0.085	0.116	0.199	0.169	0.132	0.247	0.085	0.085	0.093	0.239	0.112	0.165	0.194	0.138	0.085	0.086	0.116	0.086	0.144	0.118	0.085	0.084	0.086	0.105	0.086
4:29:43	25.5	0.086	0.152	0.173	0.085	0.130	0.120	0.086	0.083	0.088	0.085	0.089	0.177	0.279	0.179	0.160	0.086	0.086	0.085	0.087	0.203	0.143	0.084	0.151	0.085	0.121	0.227	0.184	0.154	0.288	0.085	0.085	0.093	0.275	0.118	0.180	0.220	0.142	0.084	0.086	0.118	0.086	0.164	0.129	0.085	0.084	0.086	0.105	0.086
4:59:43	25.4	0.086	0.159	0.208	0.085	0.132	0.125	0.086	0.083	0.088	0.085	0.088	0.213	0.317	0.198	0.197	0.086	0.086	0.085	0.087	0.251	0.164	0.085	0.158	0.085	0.127	0.259	0.201	0.190	0.329	0.085	0.085	0.093	0.313	0.127	0.197	0.252	0.148	0.084	0.086	0.129	0.086	0.199	0.147	0.085	0.084	0.086	0.105	0.086
5:29:43	25.4	0.086	0.166	0.253	0.085	0.138	0.132	0.086	0.083	0.088	0.085	0.088	0.267	0.358	0.219	0.247	0.086	0.086	0.085	0.087	0.306	0.194	0.085	0.166	0.085	0.132	0.300	0.223	0.241	0.372	0.085	0.085	0.093	0.348	0.140	0.217	0.293	0.155	0.085	0.086	0.129	0.086	0.246	0.176	0.085	0.084	0.086	0.105	0.086
5:59:43	25.4	0.086	0.174	0.307	0.085	0.144	0.142	0.086	0.083	0.088	0.085	0.088	0.328	0.404	0.243	0.302	0.086	0.086	0.085	0.087	0.364	0.239	0.084	0.175	0.085	0.137	0.350	0.248	0.296	0.423	0.085	0.085	0.093	0.391	0.160	0.243	0.338	0.162	0.085	0.086	0.138	0.086	0.295	0.222	0.085	0.084	0.086	0.105	0.086
6:29:43	25.4	0.086	0.183	0.363	0.085	0.154	0.152	0.086	0.083	0.088	0.085	0.088	0.379	0.453	0.270	0.367	0.086	0.086	0.085	0.087	0.413	0.296	0.084	0.185	0.085	0.147	0.398	0.275	0.361	0.476	0.085	0.085	0.093	0.440	0.188	0.269	0.383	0.170	0.085	0.086	0.148	0.086	0.358	0.272	0.085	0.084	0.086	0.105	0.086
6:59:43	25.4	0.086	0.192	0.404	0.085	0.166	0.161	0.086	0.083	0.088	0.085	0.088	0.426	0.504	0.301	0.403	0.086	0.086	0.085	0.087	0.442	0.353	0.084	0.195	0.085	0.156	0.465	0.305	0.405	0.532	0.085	0.085	0.093	0.492	0.230	0.299	0.445	0.178	0.085	0.086	0.160	0.086	0.410	0.337	0.085	0.084	0.086	0.105	0.086
7:29:43	25.3	0.086	0.202	0.434	0.085	0.182	0.179	0.086	0.083	0.088	0.085	0.088	0.477	0.545	0.334	0.426	0.086	0.086	0.085	0.087	0.491	0.406	0.084	0.205	0.085	0.167	0.502	0.335	0.428	0.568	0.085	0.085	0.093	0.540	0.281	0.328	0.491	0.187	0.085	0.086	0.171	0.086	0.437	0.389	0.085	0.084	0.086	0.105	0.086
7:59:43	25.3	0.086	0.213	0.500	0.085	0.201	0.199	0.086	0.083	0.088	0.085	0.089	0.527	0.570	0.367	0.457	0.086	0.086	0.085	0.087	0.557	0.463	0.084	0.217	0.085	0.184	0.547	0.368	0.454	0.593	0.085	0.085	0.093	0.565	0.341	0.360	0.541	0.197	0.085	0.086	0.189	0.086	0.479	0.413	0.085	0.084	0.086	0.105	0.086
8:29:43	25.3	0.086	0.225	0.569	0.085	0.230	0.218	0.086	0.083	0.088	0.085	0.088	0.585	0.594	0.399	0.467	0.086	0.086	0.085	0.086	0.611	0.511	0.084	0.231	0.085	0.206	0.592	0.397	0.474	0.615	0.085	0.085	0.093	0.590	0.393	0.390	0.577	0.208	0.085	0.086	0.212	0.086	0.554	0.439	0.085	0.084	0.086	0.105	0.086
8:59:43	25.3	0.086	0.238	0.614	0.085	0.257	0.230	0.086	0.083	0.088	0.085	0.088	0.608	0.610	0.431	0.459	0.086	0.086	0.085	0.086	0.626	0.578	0.084	0.246	0.085	0.219	0.614	0.425	0.466	0.629	0.085	0.085	0.093	0.611	0.450	0.419	0.610	0.219	0.085	0.086	0.230	0.086	0.614	0.470	0.085	0.084	0.086	0.105	0.086
9:29:43	25.3	0.086	0.252	0.633	0.085	0.294	0.239	0.086	0.083	0.088	0.085	0.089	0.608	0.622	0.461	0.466	0.086	0.086	0.085	0.086	0.640	0.607	0.084	0.261	0.085	0.230	0.636	0.451	0.472	0.639	0.085	0.085	0.093	0.624	0.504	0.446	0.632	0.233	0.085	0.086	0.245	0.086	0.632	0.465	0.085	0.084	0.086	0.105	0.086
9:59:43	25.3	0.086	0.268	0.651	0.085	0.338	0.247	0.086	0.083	0.088	0.085	0.088	0.604	0.627	0.487	0.490	0.086	0.086	0.085	0.086	0.658	0.608	0.084	0.278	0.085	0.242	0.653	0.475	0.490	0.645	0.085	0.085	0.093	0.634	0.557	0.471	0.649	0.247	0.084	0.086	0.251	0.086	0.642	0.469	0.085	0.084	0.086	0.104	0.086
10:29:43	25.3	0.086	0.284	0.672	0.085	0.382	0.257	0.086	0.083	0.088	0.085	0.088	0.601	0.630	0.512	0.525	0.086	0.086	0.085	0.086	0.681	0.605	0.084	0.295	0.085	0.253	0.662	0.500	0.525	0.649	0.085	0.085	0.093	0.640	0.612	0.498	0.663	0.263	0.084	0.086	0.264	0.086	0.661	0.485	0.085	0.084	0.086	0.105	0.086
10:59:43	25.3	0.086	0.302	0.694	0.085	0.441	0.265	0.086	0.083	0.088	0.085	0.088	0.597	0.632	0.535	0.568	0.086	0.086	0.085	0.086	0.701	0.603	0.084	0.314	0.085	0.264	0.666	0.523	0.561	0.651	0.085	0.085	0.093	0.644	0.618	0.521	0.666	0.279	0.085	0.086	0.273	0.086	0.686	0.519	0.085	0.084	0.086	0.105	0.086
11:29:43	25.3	0.086	0.321	0.702	0.085	0.484	0.272	0.086	0.083	0.088	0.085	0.089	0.595	0.633	0.557	0.596	0.086	0.086	0.085	0.086	0.697	0.599	0.084	0.335	0.085	0.273	0.667	0.541	0.604	0.652	0.085	0.085	0.093	0.645	0.615	0.542	0.668	0.297	0.085	0.086	0.281	0.086	0.705	0.550	0.085	0.084	0.086	0.105	0.086
11:59:43	25.3	0.086	0.342	0.703	0.085	0.534	0.281	0.086	0.083	0.088	0.085	0.088	0.596	0.631	0.581	0.624	0.086	0.086	0.085	0.086	0.704	0.596	0.084	0.357	0.085	0.282	0.669	0.564	0.636	0.652	0.085	0.085	0.093	0.645	0.613	0.566	0.668	0.315	0.085	0.086	0.289	0.086	0.711	0.588	0.085	0.084	0.086	0.105	0.086
12:29:43	25.4	0.086	0.362	0.715	0.085	0.565	0.289	0.086	0.083	0.088	0.085	0.088	0.590	0.629	0.601	0.646	0.086	0.086	0.085	0.086	0.725	0.595	0.084	0.379	0.085	0.288	0.671	0.582	0.690	0.650	0.085	0.085	0.093	0.643	0.609	0.585	0.670	0.336	0.085	0.086	0.295	0.086	0.708	0.617	0.085	0.084	0.086	0.105	0.086
12:59:43	25.4	0.086	0.384	0.733	0.085	0.602	0.305	0.086	0.083	0.088	0.085	0.088	0.587	0.626	0.621	0.637	0.086	0.086	0.085	0.086	0.750	0.590	0.084	0.401	0.085	0.294	0.676	0.602	0.697	0.647	0.085	0.085	0.093	0.640	0.606	0.607	0.674	0.357	0.084	0.086	0.298	0.086	0.724	0.676	0.085	0.084	0.086	0.105	0.086
13:29:43	25.5	0.086	0.405	0.758	0.085	0.623	0.292	0.086	0.083	0.088	0.085	0.089	0.582	0.623	0.640	0.638	0.086	0.086	0.085	0.086	0.782	0.585	0.084	0.422	0.085	0.298	0.680	0.619	0.700	0.645	0.085	0.085	0.093	0.638	0.604	0.625	0.677	0.378	0.085	0.086	0.301	0.086	0.746	0.688	0.085	0.084	0.086	0.105	0.086
13:59:43	25.6	0.086	0.424	0.782	0.085	0.639	0.295	0.086	0.083	0.088	0.085	0.088	0.579	0.620	0.657	0.629	0.086	0.086	0.085	0.086	0.800	0.581	0.084	0.440	0.085	0.300	0.683	0.636	0.695	0.642	0.085	0.085	0.093	0.636	0.601	0.642	0.680	0.398	0.085	0.086	0.303	0.086	0.768	0.690	0.085	0.084	0.086	0.105	0.086
14:29:43	25.6	0.086	0.443	0.791	0.085	0.654	0.297	0.086	0.083	0.088	0.085	0.089	0.577	0.617	0.674	0.622	0.086	0.086	0.085	0.086	0.824	0.578	0.084	0.457	0.085	0.301	0.685	0.651	0.690	0.639	0.085	0.085	0.093	0.633	0.597	0.661	0.682	0.417	0.085	0.086	0.304	0.086	0.787	0.687	0.085	0.084	0.086	0.105	0.086

Results
	1	2	3	4	5	6	7	8
A	-0.007	0.723	2.287	-0.010	1.983	0.650	-0.010	-0.007	Max V [Read 2:600]
	1.000	1.000	1.000	1.000	1.000	1.000	1.000	1.000	R-Squared [Read 2:600]
	7:14:43	12:44:43	8:14:43	9:44:43	10:44:43	7:44:43	9:44:43	1:14:43	t at Max V [Read 2:600]
	6:29:43	6:56:49	5:12:21	9:39:43	8:17:07	5:29:34	9:29:43	0:59:43	Lagtime [Read 2:600]
B	0.007	0.010	0.017	2.027	1.720	1.103	2.157	-0.007	Max V [Read 2:600]
	1.000	1.000	1.000	1.000	1.000	1.000	1.000	1.000	R-Squared [Read 2:600]
	2:44:43	11:44:43	11:14:43	5:44:43	6:44:43	7:44:43	6:14:43	9:44:43	t at Max V [Read 2:600]
	2:44:43	11:49:43	11:11:43	4:10:55	3:16:24	4:18:29	4:30:00	9:14:43	Lagtime [Read 2:600]
C	-0.010	-0.007	-0.020	2.197	2.220	-0.010	0.737	-0.010	Max V [Read 2:600]
	1.000	1.000	1.000	1.000	1.000	1.000	1.000	1.000	R-Squared [Read 2:600]
	9:44:43	9:44:43	8:14:43	7:44:43	8:44:43	9:44:43	12:14:43	9:44:43	t at Max V [Read 2:600]
	9:29:43	9:29:43	8:49:43	4:39:55	5:26:34	9:29:43	6:36:14	9:29:43	Lagtime [Read 2:600]
D	0.717	2.253	1.073	2.187	1.870	-0.010	0.007	0.010	Max V [Read 2:600]
	1.000	1.000	1.000	1.000	1.000	1.000	1.000	1.000	R-Squared [Read 2:600]
	8:14:43	6:44:43	7:44:43	6:14:43	6:44:43	9:44:43	10:14:43	3:14:43	t at Max V [Read 2:600]
	6:05:43	4:28:39	4:13:02	4:33:23	3:19:37	9:29:43	10:59:43	3:19:43	Lagtime [Read 2:600]
E	1.723	1.997	1.067	2.053	0.710	0.007	-0.007	0.763	Max V [Read 2:600]
	1.000	1.000	1.000	1.000	1.000	1.000	1.000	1.000	R-Squared [Read 2:600]
	6:44:43	7:44:43	7:44:43	6:44:43	12:14:43	5:14:43	1:14:43	8:14:43	t at Max V [Read 2:600]
	3:25:46	6:01:13	4:18:34	4:23:03	7:22:07	5:44:43	0:59:43	6:03:07	Lagtime [Read 2:600]
F	0.007	2.517	2.153	0.007	-0.007	-0.007	0.027	-0.010	Max V [Read 2:600]
	1.000	1.000	1.000	1.000	1.000	1.000	1.000	1.000	R-Squared [Read 2:600]
	11:44:43	8:14:43	6:44:43	4:44:43	9:44:43	12:44:43	2:14:43	9:44:43	t at Max V [Read 2:600]
	12:14:43	5:36:50	5:13:31	5:14:43	9:14:43	11:59:43	1:29:43	9:39:43	Lagtime [Read 2:600]

